48 0
0.0 815.0 982.0 480.0 1321.0 443.0 1243.0 1123.0 993.0 831.0 1014.0 378.0 560.0 168.0 132.0 655.0 773.0 1382.0 1075.0 1323.0 638.0 336.0 685.0 286.0 860.0 1222.0 1296.0 1149.0 611.0 1185.0 1035.0 458.0 722.0 368.0 1355.0 1038.0 1308.0 976.0 306.0 624.0 723.0 793.0 1244.0 1053.0 1363.0 819.0 406.0 423.0
815.0 0.0 1495.0 381.0 2012.0 1156.0 990.0 763.0 178.0 146.0 1788.0 541.0 507.0 749.0 696.0 408.0 317.0 1212.0 714.0 1081.0 717.0 935.0 228.0 537.0 1669.0 1921.0 1096.0 839.0 1146.0 985.0 497.0 1249.0 553.0 677.0 2136.0 753.0 1045.0 325.0 1116.0 261.0 692.0 1524.0 1103.0 616.0 2161.0 488.0 752.0 1184.0
982.0 1495.0 0.0 1134.0 636.0 582.0 2206.0 2055.0 1640.0 1590.0 736.0 1312.0 1493.0 1149.0 988.0 1551.0 1243.0 2360.0 2004.0 2290.0 1614.0 1278.0 1272.0 1163.0 905.0 585.0 2268.0 2096.0 380.0 2154.0 1898.0 1090.0 1661.0 840.0 987.0 1984.0 2271.0 1778.0 975.0 1443.0 871.0 503.0 2222.0 1956.0 1098.0 1727.0 1388.0 660.0
480.0 381.0 1134.0 0.0 1632.0 777.0 1163.0 971.0 551.0 457.0 1411.0 374.0 481.0 473.0 349.0 475.0 300.0 1359.0 918.0 1254.0 686.0 699.0 206.0 262.0 1308.0 1541.0 1250.0 1029.0 773.0 1132.0 772.0 936.0 621.0 300.0 1759.0 922.0 1226.0 643.0 785.0 325.0 441.0 1144.0 1230.0 849.0 1790.0 640.0 590.0 810.0
1321.0 2012.0 636.0 1632.0 0.0 885.0 2550.0 2443.0 2175.0 2081.0 443.0 1697.0 1880.0 1480.0 1384.0 1968.0 1805.0 2662.0 2396.0 2623.0 1940.0 1518.0 1805.0 1575.0 734.0 101.0 2589.0 2467.0 878.0 2485.0 2343.0 1190.0 2043.0 1335.0 451.0 2356.0 2613.0 2255.0 1160.0 1901.0 1466.0 532.0 2526.0 2372.0 593.0 2137.0 1695.0 899.0
443.0 1156.0 582.0 777.0 885.0 0.0 1685.0 1564.0 1328.0 1209.0 636.0 814.0 998.0 608.0 499.0 1084.0 1005.0 1818.0 1516.0 1764.0 1078.0 703.0 970.0 691.0 588.0 787.0 1735.0 1592.0 282.0 1626.0 1458.0 528.0 1163.0 503.0 984.0 1480.0 1750.0 1376.0 396.0 1020.0 767.0 369.0 1680.0 1488.0 1025.0 1253.0 838.0 96.0
1243.0 990.0 2206.0 1163.0 2550.0 1685.0 0.0 235.0 1015.0 844.0 2191.0 895.0 716.0 1077.0 1218.0 689.0 1289.0 230.0 278.0 93.0 610.0 1046.0 1161.0 1048.0 1960.0 2449.0 115.0 152.0 1826.0 82.0 524.0 1427.0 552.0 1401.0 2501.0 243.0 65.0 703.0 1402.0 848.0 1598.0 2019.0 174.0 387.0 2468.0 528.0 855.0 1654.0
1123.0 763.0 2055.0 971.0 2443.0 1564.0 235.0 0.0 780.0 617.0 2110.0 753.0 567.0 965.0 1077.0 507.0 1069.0 464.0 53.0 322.0 531.0 983.0 946.0 894.0 1900.0 2344.0 349.0 84.0 1676.0 259.0 289.0 1375.0 401.0 1230.0 2434.0 105.0 284.0 469.0 1323.0 648.0 1396.0 1913.0 385.0 152.0 2414.0 333.0 769.0 1544.0
993.0 178.0 1640.0 551.0 2175.0 1328.0 1015.0 780.0 0.0 227.0 1961.0 708.0 648.0 923.0 873.0 533.0 412.0 1243.0 737.0 1103.0 844.0 1102.0 371.0 714.0 1846.0 2086.0 1127.0 862.0 1303.0 1024.0 493.0 1425.0 658.0 841.0 2310.0 794.0 1064.0 311.0 1294.0 417.0 804.0 1694.0 1148.0 628.0 2337.0 564.0 910.0 1358.0
831.0 146.0 1590.0 457.0 2081.0 1209.0 844.0 617.0 227.0 0.0 1830.0 506.0 425.0 737.0 724.0 307.0 459.0 1067.0 568.0 935.0 617.0 896.0 352.0 545.0 1690.0 1987.0 951.0 693.0 1230.0 841.0 355.0 1239.0 434.0 756.0 2177.0 609.0 899.0 193.0 1120.0 213.0 819.0 1579.0 961.0 470.0 2192.0 352.0 694.0 1226.0
1014.0 1788.0 736.0 1411.0 443.0 636.0 2191.0 2110.0 1961.0 1830.0 0.0 1389.0 1564.0 1154.0 1107.0 1668.0 1639.0 2282.0 2066.0 2258.0 1588.0 1145.0 1605.0 1293.0 291.0 358.0 2218.0 2123.0 770.0 2121.0 2048.0 783.0 1718.0 1138.0 348.0 2016.0 2252.0 1987.0 790.0 1632.0 1365.0 296.0 2149.0 2058.0 401.0 1825.0 1344.0 605.0
378.0 541.0 1312.0 374.0 1697.0 814.0 895.0 753.0 708.0 506.0 1389.0 0.0 185.0 242.0 325.0 279.0 645.0 1060.0 703.0 980.0 331.0 394.0 514.0 159.0 1214.0 1598.0 962.0 787.0 931.0 846.0 660.0 737.0 352.0 522.0 1726.0 674.0 960.0 619.0 631.0 294.0 795.0 1170.0 924.0 676.0 1726.0 441.0 225.0 801.0
560.0 507.0 1493.0 481.0 1880.0 998.0 716.0 567.0 648.0 425.0 1564.0 185.0 0.0 411.0 510.0 128.0 698.0 893.0 518.0 804.0 219.0 501.0 559.0 332.0 1378.0 1781.0 790.0 603.0 1113.0 673.0 493.0 878.0 168.0 686.0 1898.0 491.0 782.0 486.0 792.0 250.0 921.0 1352.0 760.0 494.0 1892.0 261.0 282.0 983.0
168.0 749.0 1149.0 473.0 1480.0 608.0 1077.0 965.0 923.0 737.0 1154.0 242.0 411.0 0.0 204.0 519.0 773.0 1214.0 918.0 1156.0 470.0 231.0 663.0 220.0 973.0 1380.0 1128.0 987.0 776.0 1018.0 899.0 503.0 566.0 468.0 1488.0 877.0 1141.0 860.0 390.0 523.0 806.0 949.0 1076.0 904.0 1485.0 672.0 239.0 580.0
132.0 696.0 988.0 349.0 1384.0 499.0 1218.0 1077.0 873.0 724.0 1107.0 325.0 510.0 204.0 0.0 586.0 640.0 1375.0 1027.0 1302.0 631.0 424.0 554.0 191.0 973.0 1287.0 1281.0 1112.0 608.0 1167.0 959.0 590.0 677.0 265.0 1452.0 1000.0 1284.0 882.0 436.0 526.0 611.0 865.0 1238.0 992.0 1469.0 757.0 427.0 503.0
655.0 408.0 1551.0 475.0 1968.0 1084.0 689.0 507.0 533.0 307.0 1668.0 279.0 128.0 519.0 586.0 0.0 641.0 886.0 455.0 780.0 312.0 628.0 503.0 396.0 1491.0 1870.0 776.0 558.0 1173.0 658.0 381.0 1000.0 157.0 723.0 2005.0 449.0 752.0 358.0 907.0 175.0 912.0 1445.0 760.0 407.0 2004.0 175.0 410.0 1077.0
773.0 317.0 1243.0 300.0 1805.0 1005.0 1289.0 1069.0 412.0 459.0 1639.0 645.0 698.0 773.0 640.0 641.0 0.0 1505.0 1018.0 1381.0 917.0 996.0 139.0 558.0 1568.0 1721.0 1390.0 1141.0 927.0 1276.0 813.0 1230.0 798.0 503.0 1985.0 1048.0 1347.0 643.0 1075.0 466.0 392.0 1356.0 1388.0 926.0 2030.0 768.0 869.0 1055.0
1382.0 1212.0 2360.0 1359.0 2662.0 1818.0 230.0 464.0 1243.0 1067.0 2282.0 1060.0 893.0 1214.0 1375.0 886.0 1505.0 0.0 506.0 151.0 746.0 1144.0 1374.0 1218.0 2034.0 2561.0 117.0 381.0 1982.0 230.0 754.0 1503.0 738.0 1578.0 2577.0 459.0 192.0 932.0 1503.0 1053.0 1798.0 2133.0 138.0 616.0 2531.0 738.0 980.0 1777.0
1075.0 714.0 2004.0 918.0 2396.0 1516.0 278.0 53.0 737.0 568.0 2066.0 703.0 518.0 918.0 1027.0 455.0 1018.0 506.0 0.0 368.0 494.0 945.0 895.0 843.0 1860.0 2297.0 390.0 126.0 1625.0 292.0 251.0 1337.0 353.0 1178.0 2392.0 90.0 332.0 426.0 1281.0 595.0 1343.0 1867.0 418.0 112.0 2374.0 280.0 728.0 1497.0
1323.0 1081.0 2290.0 1254.0 2623.0 1764.0 93.0 322.0 1103.0 935.0 2258.0 980.0 804.0 1156.0 1302.0 780.0 1381.0 151.0 368.0 0.0 686.0 1113.0 1254.0 1135.0 2021.0 2522.0 64.0 242.0 1910.0 138.0 611.0 1488.0 641.0 1489.0 2563.0 335.0 42.0 791.0 1471.0 940.0 1690.0 2092.0 153.0 475.0 2526.0 620.0 929.0 1729.0
638.0 717.0 1614.0 686.0 1940.0 1078.0 610.0 531.0 844.0 617.0 1588.0 331.0 219.0 470.0 631.0 312.0 917.0 746.0 494.0 686.0 0.0 452.0 778.0 489.0 1370.0 1839.0 657.0 536.0 1236.0 548.0 573.0 843.0 207.0 852.0 1907.0 432.0 674.0 629.0 798.0 466.0 1120.0 1409.0 608.0 519.0 1883.0 338.0 246.0 1044.0
336.0 935.0 1278.0 699.0 1518.0 703.0 1046.0 983.0 1102.0 896.0 1145.0 394.0 501.0 231.0 424.0 628.0 996.0 1144.0 945.0 1113.0 452.0 0.0 879.0 438.0 918.0 1417.0 1074.0 986.0 924.0 976.0 985.0 392.0 618.0 688.0 1457.0 884.0 1107.0 986.0 359.0 687.0 1033.0 991.0 1008.0 958.0 1431.0 744.0 225.0 646.0
685.0 228.0 1272.0 206.0 1805.0 970.0 1161.0 946.0 371.0 352.0 1605.0 514.0 559.0 663.0 554.0 503.0 139.0 1374.0 895.0 1254.0 778.0 879.0 0.0 443.0 1512.0 1716.0 1260.0 1016.0 931.0 1144.0 703.0 1139.0 660.0 473.0 1954.0 919.0 1221.0 543.0 990.0 329.0 468.0 1331.0 1255.0 807.0 1989.0 636.0 738.0 1008.0
286.0 537.0 1163.0 262.0 1575.0 691.0 1048.0 894.0 714.0 545.0 1293.0 159.0 332.0 220.0 191.0 396.0 558.0 1218.0 843.0 1135.0 489.0 438.0 443.0 0.0 1145.0 1478.0 1118.0 934.0 782.0 1002.0 767.0 713.0 499.0 363.0 1637.0 822.0 1113.0 694.0 580.0 339.0 649.0 1056.0 1082.0 803.0 1648.0 570.0 340.0 692.0
860.0 1669.0 905.0 1308.0 734.0 588.0 1960.0 1900.0 1846.0 1690.0 291.0 1214.0 1378.0 973.0 973.0 1491.0 1568.0 2034.0 1860.0 2021.0 1370.0 918.0 1512.0 1145.0 0.0 646.0 1978.0 1905.0 812.0 1886.0 1870.0 533.0 1520.0 1070.0 543.0 1802.0 2019.0 1830.0 585.0 1482.0 1355.0 402.0 1904.0 1863.0 515.0 1637.0 1132.0 518.0
1222.0 1921.0 585.0 1541.0 101.0 787.0 2449.0 2344.0 2086.0 1987.0 358.0 1598.0 1781.0 1380.0 1287.0 1870.0 1721.0 2561.0 2297.0 2522.0 1839.0 1417.0 1716.0 1478.0 646.0 0.0 2487.0 2366.0 795.0 2384.0 2245.0 1090.0 1943.0 1245.0 435.0 2256.0 2512.0 2160.0 1059.0 1805.0 1390.0 431.0 2424.0 2274.0 568.0 2038.0 1594.0 799.0
1296.0 1096.0 2268.0 1250.0 2589.0 1735.0 115.0 349.0 1127.0 951.0 2218.0 962.0 790.0 1128.0 1281.0 776.0 1390.0 117.0 390.0 64.0 657.0 1074.0 1260.0 1118.0 1978.0 2487.0 0.0 265.0 1889.0 118.0 638.0 1445.0 631.0 1476.0 2520.0 343.0 96.0 816.0 1433.0 941.0 1688.0 2058.0 91.0 500.0 2480.0 624.0 897.0 1698.0
1149.0 839.0 2096.0 1029.0 2467.0 1592.0 152.0 84.0 862.0 693.0 2123.0 787.0 603.0 987.0 1112.0 558.0 1141.0 381.0 126.0 242.0 536.0 986.0 1016.0 934.0 1905.0 2366.0 265.0 0.0 1716.0 176.0 373.0 1375.0 435.0 1279.0 2442.0 113.0 206.0 551.0 1334.0 709.0 1459.0 1935.0 302.0 235.0 2417.0 389.0 779.0 1567.0
611.0 1146.0 380.0 773.0 878.0 282.0 1826.0 1676.0 1303.0 1230.0 770.0 931.0 1113.0 776.0 608.0 1173.0 927.0 1982.0 1625.0 1910.0 1236.0 924.0 931.0 782.0 812.0 795.0 1889.0 1716.0 0.0 1775.0 1525.0 806.0 1281.0 474.0 1099.0 1603.0 1891.0 1414.0 663.0 1071.0 604.0 474.0 1844.0 1579.0 1171.0 1348.0 1014.0 378.0
1185.0 985.0 2154.0 1132.0 2485.0 1626.0 82.0 259.0 1024.0 841.0 2121.0 846.0 673.0 1018.0 1167.0 658.0 1276.0 230.0 292.0 138.0 548.0 976.0 1144.0 1002.0 1886.0 2384.0 118.0 176.0 1775.0 0.0 543.0 1353.0 513.0 1359.0 2428.0 232.0 133.0 715.0 1333.0 824.0 1570.0 1954.0 126.0 404.0 2393.0 509.0 791.0 1591.0
1035.0 497.0 1898.0 772.0 2343.0 1458.0 524.0 289.0 493.0 355.0 2048.0 660.0 493.0 899.0 959.0 381.0 813.0 754.0 251.0 611.0 573.0 985.0 703.0 767.0 1870.0 2245.0 638.0 373.0 1525.0 543.0 0.0 1369.0 373.0 1058.0 2386.0 323.0 571.0 183.0 1284.0 455.0 1168.0 1822.0 669.0 139.0 2383.0 241.0 760.0 1456.0
458.0 1249.0 1090.0 936.0 1190.0 528.0 1427.0 1375.0 1425.0 1239.0 783.0 737.0 878.0 503.0 590.0 1000.0 1230.0 1503.0 1337.0 1488.0 843.0 392.0 1139.0 713.0 533.0 1090.0 1445.0 1375.0 806.0 1353.0 1369.0 0.0 1007.0 794.0 1076.0 1275.0 1486.0 1354.0 168.0 1026.0 1142.0 691.0 1372.0 1349.0 1042.0 1131.0 614.0 437.0
722.0 553.0 1661.0 621.0 2043.0 1163.0 552.0 401.0 658.0 434.0 1718.0 352.0 168.0 566.0 677.0 157.0 798.0 738.0 353.0 641.0 207.0 618.0 660.0 499.0 1520.0 1943.0 631.0 435.0 1281.0 513.0 373.0 1007.0 0.0 849.0 2047.0 323.0 617.0 424.0 937.0 332.0 1062.0 1514.0 609.0 343.0 2035.0 133.0 393.0 1144.0
368.0 677.0 840.0 300.0 1335.0 503.0 1401.0 1230.0 841.0 756.0 1138.0 522.0 686.0 468.0 265.0 723.0 503.0 1578.0 1178.0 1489.0 852.0 688.0 473.0 363.0 1070.0 1245.0 1476.0 1279.0 474.0 1359.0 1058.0 794.0 849.0 0.0 1485.0 1168.0 1466.0 940.0 626.0 604.0 355.0 859.0 1444.0 1122.0 1527.0 898.0 677.0 554.0
1355.0 2136.0 987.0 1759.0 451.0 984.0 2501.0 2434.0 2310.0 2177.0 348.0 1726.0 1898.0 1488.0 1452.0 2005.0 1985.0 2577.0 2392.0 2563.0 1907.0 1457.0 1954.0 1637.0 543.0 435.0 2520.0 2442.0 1099.0 2428.0 2386.0 1076.0 2047.0 1485.0 0.0 2338.0 2560.0 2330.0 1111.0 1976.0 1701.0 633.0 2447.0 2389.0 146.0 2159.0 1665.0 953.0
1038.0 753.0 1984.0 922.0 2356.0 1480.0 243.0 105.0 794.0 609.0 2016.0 674.0 491.0 877.0 1000.0 449.0 1048.0 459.0 90.0 335.0 432.0 884.0 919.0 822.0 1802.0 2256.0 343.0 113.0 1603.0 232.0 323.0 1275.0 323.0 1168.0 2338.0 0.0 305.0 488.0 1228.0 605.0 1355.0 1825.0 354.0 190.0 2315.0 285.0 673.0 1457.0
1308.0 1045.0 2271.0 1226.0 2613.0 1750.0 65.0 284.0 1064.0 899.0 2252.0 960.0 782.0 1141.0 1284.0 752.0 1347.0 192.0 332.0 42.0 674.0 1107.0 1221.0 1113.0 2019.0 2512.0 96.0 206.0 1891.0 133.0 571.0 1486.0 617.0 1466.0 2560.0 305.0 0.0 753.0 1464.0 910.0 1660.0 2082.0 180.0 436.0 2525.0 590.0 918.0 1717.0
976.0 325.0 1778.0 643.0 2255.0 1376.0 703.0 469.0 311.0 193.0 1987.0 619.0 486.0 860.0 882.0 358.0 643.0 932.0 426.0 791.0 629.0 986.0 543.0 694.0 1830.0 2160.0 816.0 551.0 1414.0 715.0 183.0 1354.0 424.0 940.0 2330.0 488.0 753.0 0.0 1250.0 356.0 1011.0 1745.0 840.0 317.0 2338.0 301.0 768.0 1385.0
306.0 1116.0 975.0 785.0 1160.0 396.0 1402.0 1323.0 1294.0 1120.0 790.0 631.0 792.0 390.0 436.0 907.0 1075.0 1503.0 1281.0 1471.0 798.0 359.0 990.0 580.0 585.0 1059.0 1433.0 1334.0 663.0 1333.0 1284.0 168.0 937.0 626.0 1111.0 1228.0 1464.0 1250.0 0.0 908.0 974.0 636.0 1367.0 1279.0 1100.0 1052.0 555.0 316.0
624.0 261.0 1443.0 325.0 1901.0 1020.0 848.0 648.0 417.0 213.0 1632.0 294.0 250.0 523.0 526.0 175.0 466.0 1053.0 595.0 940.0 466.0 687.0 329.0 339.0 1482.0 1805.0 941.0 709.0 1071.0 824.0 455.0 1026.0 332.0 604.0 1976.0 605.0 910.0 356.0 908.0 0.0 751.0 1389.0 930.0 525.0 1987.0 320.0 494.0 1029.0
723.0 692.0 871.0 441.0 1466.0 767.0 1598.0 1396.0 804.0 819.0 1365.0 795.0 921.0 806.0 611.0 912.0 392.0 1798.0 1343.0 1690.0 1120.0 1033.0 468.0 649.0 1355.0 1390.0 1688.0 1459.0 604.0 1570.0 1168.0 1142.0 1062.0 355.0 1701.0 1355.0 1660.0 1011.0 974.0 751.0 0.0 1071.0 1671.0 1264.0 1766.0 1070.0 988.0 842.0
793.0 1524.0 503.0 1144.0 532.0 369.0 2019.0 1913.0 1694.0 1579.0 296.0 1170.0 1352.0 949.0 865.0 1445.0 1356.0 2133.0 1867.0 2092.0 1409.0 991.0 1331.0 1056.0 402.0 431.0 2058.0 1935.0 474.0 1954.0 1822.0 691.0 1514.0 859.0 633.0 1825.0 2082.0 1745.0 636.0 1389.0 1071.0 0.0 1997.0 1846.0 697.0 1611.0 1164.0 369.0
1244.0 1103.0 2222.0 1230.0 2526.0 1680.0 174.0 385.0 1148.0 961.0 2149.0 924.0 760.0 1076.0 1238.0 760.0 1388.0 138.0 418.0 153.0 608.0 1008.0 1255.0 1082.0 1904.0 2424.0 91.0 302.0 1844.0 126.0 669.0 1372.0 609.0 1444.0 2447.0 354.0 180.0 840.0 1367.0 930.0 1671.0 1997.0 0.0 530.0 2404.0 621.0 842.0 1639.0
1053.0 616.0 1956.0 849.0 2372.0 1488.0 387.0 152.0 628.0 470.0 2058.0 676.0 494.0 904.0 992.0 407.0 926.0 616.0 112.0 475.0 519.0 958.0 807.0 803.0 1863.0 2274.0 500.0 235.0 1579.0 404.0 139.0 1349.0 343.0 1122.0 2389.0 190.0 436.0 317.0 1279.0 525.0 1264.0 1846.0 530.0 0.0 2378.0 235.0 735.0 1477.0
1363.0 2161.0 1098.0 1790.0 593.0 1025.0 2468.0 2414.0 2337.0 2192.0 401.0 1726.0 1892.0 1485.0 1469.0 2004.0 2030.0 2531.0 2374.0 2526.0 1883.0 1431.0 1989.0 1648.0 515.0 568.0 2480.0 2417.0 1171.0 2393.0 2383.0 1042.0 2035.0 1527.0 146.0 2315.0 2525.0 2338.0 1100.0 1987.0 1766.0 697.0 2404.0 2378.0 0.0 2152.0 1647.0 981.0
819.0 488.0 1727.0 640.0 2137.0 1253.0 528.0 333.0 564.0 352.0 1825.0 441.0 261.0 672.0 757.0 175.0 768.0 738.0 280.0 620.0 338.0 744.0 636.0 570.0 1637.0 2038.0 624.0 389.0 1348.0 509.0 241.0 1131.0 133.0 898.0 2159.0 285.0 590.0 301.0 1052.0 320.0 1070.0 1611.0 621.0 235.0 2152.0 0.0 520.0 1242.0
406.0 752.0 1388.0 590.0 1695.0 838.0 855.0 769.0 910.0 694.0 1344.0 225.0 282.0 239.0 427.0 410.0 869.0 980.0 728.0 929.0 246.0 225.0 738.0 340.0 1132.0 1594.0 897.0 779.0 1014.0 791.0 760.0 614.0 393.0 677.0 1665.0 673.0 918.0 768.0 555.0 494.0 988.0 1164.0 842.0 735.0 1647.0 520.0 0.0 800.0
423.0 1184.0 660.0 810.0 899.0 96.0 1654.0 1544.0 1358.0 1226.0 605.0 801.0 983.0 580.0 503.0 1077.0 1055.0 1777.0 1497.0 1729.0 1044.0 646.0 1008.0 692.0 518.0 799.0 1698.0 1567.0 378.0 1591.0 1456.0 437.0 1144.0 554.0 953.0 1457.0 1717.0 1385.0 316.0 1029.0 842.0 369.0 1639.0 1477.0 981.0 1242.0 800.0 0.0
0.0 1.0 1.0 1.0 1.0 1.0 1.0 1.0 1.0 1.0 1.0 1.0 1.0 1.0 1.0 1.0 1.0 1.0 1.0 1.0 1.0 1.0 1.0 1.0 1.0 1.0 1.0 1.0 1.0 1.0 1.0 1.0 1.0 1.0 1.0 1.0 1.0 1.0 1.0 1.0 1.0 1.0 1.0 1.0 1.0 1.0 1.0 1.0
