21 0
0 155 444 520 742 349 292 132 504 499 329 188 136 124 247 1098 1186 926 1061 1268 970
155 0 584 673 897 503 446 286 608 566 375 264 263 144 171 1156 1252 1012 1178 1395 1120
444 584 0 158 410 273 272 327 214 349 377 355 321 460 569 828 885 592 640 832 549
520 673 158 0 256 233 266 390 364 506 526 479 422 568 689 943 988 692 670 826 451
742 897 410 256 0 402 455 611 599 750 782 729 663 808 935 1107 1130 843 721 807 314
349 503 273 233 402 0 58 225 465 562 497 392 304 436 570 1096 1158 865 891 1058 667
292 446 272 266 455 58 0 166 446 530 449 338 248 378 512 1082 1148 859 906 1082 710
132 286 327 390 611 225 166 0 428 462 331 196 102 213 347 1051 1130 856 960 1158 841
504 608 214 364 599 465 446 428 0 156 280 344 369 465 532 636 707 428 572 798 658
499 566 349 506 750 562 530 462 156 0 194 314 376 424 452 599 689 449 666 903 811
329 375 377 526 782 497 449 331 280 194 0 143 230 236 260 782 877 644 844 1075 911
188 264 355 479 729 392 338 196 344 314 143 0 95 121 214 913 1003 752 915 1136 904
136 263 321 422 663 304 248 102 369 376 230 95 0 146 273 972 1057 792 926 1137 863
124 144 460 568 808 436 378 213 465 424 236 121 146 0 135 1018 1112 868 1036 1256 1006
247 171 569 689 935 570 512 347 532 452 260 214 273 135 0 1018 1119 900 1102 1330 1118
1098 1156 828 943 1107 1096 1082 1051 636 599 782 913 972 1018 1018 0 114 265 526 714 982
1186 1252 885 988 1130 1158 1148 1130 707 689 877 1003 1057 1112 1119 114 0 296 492 651 975
926 1012 592 692 843 865 859 856 428 449 644 752 792 868 900 265 296 0 318 547 724
1061 1178 640 670 721 891 906 960 572 666 844 915 926 1036 1102 526 492 318 0 241 502
1268 1395 832 826 807 1058 1082 1158 798 903 1075 1136 1137 1256 1330 714 651 547 241 0 520
970 1120 549 451 314 667 710 841 658 811 911 904 863 1006 1118 982 975 724 502 520 0
0.0 0.0 20.0 20.0 30.0 15.0 15.0 10.0 20.0 20.0 20.0 15.0 10.0 10.0 25.0 40.0 40.0 30.0 30.0 50.0 30.0

