32 0
0 76 765 788 787 596 456 590 681 570 764 809 631 391 994 775 965 528 256 328 432 602 771 943 1201 1009 596 376 179 591 718 544
76 0 703 714 715 522 381 516 638 537 737 791 632 332 943 740 955 542 211 350 473 622 806 982 1235 1060 653 438 235 635 792 611
765 703 0 262 677 555 411 311 248 361 416 523 638 375 1152 1132 1459 1180 767 701 838 768 996 1146 1314 1334 1058 947 939 1330 1344 1109
788 714 262 0 439 370 340 200 488 566 667 775 850 447 926 955 1300 1097 702 830 982 962 1196 1357 1545 1527 1207 1056 940 1289 1452 1230
787 715 677 439 0 202 422 400 850 873 1031 1133 1129 639 489 572 926 861 577 985 1137 1200 1427 1602 1826 1729 1346 1146 873 1105 1506 1322
596 522 555 370 202 0 226 247 687 691 863 960 936 444 606 587 930 760 412 782 935 1001 1226 1401 1629 1526 1145 948 700 980 1314 1124
456 381 411 340 422 226 0 140 484 470 651 744 711 218 815 738 1053 778 370 575 730 779 1006 1181 1405 1315 948 766 601 953 1151 944
590 516 311 200 400 247 140 0 450 478 630 732 747 283 852 822 1153 910 507 667 822 838 1071 1240 1449 1392 1045 878 741 1092 1270 1055
681 638 248 488 850 687 484 450 0 140 182 289 394 326 1292 1217 1515 1167 766 520 636 532 755 899 1066 1093 846 770 860 1271 1155 915
570 537 361 566 873 691 470 478 140 0 202 279 284 269 1284 1176 1454 1077 691 381 496 408 638 793 981 975 709 630 746 1160 1015 775
764 737 416 667 1031 863 651 630 182 202 0 108 294 466 1465 1373 1655 1278 894 529 607 446 641 766 907 975 791 764 937 1351 1122 884
809 791 523 775 1133 960 744 732 289 279 108 0 255 548 1559 1455 1727 1332 962 541 591 401 570 680 806 897 753 758 976 1387 1093 859
631 632 638 850 1129 936 711 747 394 284 294 255 0 492 1502 1352 1588 1158 830 320 340 151 361 509 702 699 500 510 779 1178 839 604
391 332 375 447 639 444 218 283 326 269 466 548 492 0 1020 908 1192 844 439 386 540 564 794 966 1187 1110 764 609 566 966 1007 783
994 943 1152 926 489 606 815 852 1292 1284 1465 1559 1502 1020 0 305 570 770 737 1281 1415 1537 1742 1919 2165 2002 1590 1367 991 1032 1653 1525
775 740 1132 955 572 587 738 822 1217 1176 1373 1455 1352 908 305 0 354 468 530 1090 1207 1360 1545 1718 1974 1776 1358 1133 734 728 1382 1278
965 955 1459 1300 926 930 1053 1153 1515 1454 1655 1727 1588 1192 570 354 0 482 766 1293 1382 1567 1721 1885 2148 1902 1490 1271 862 667 1431 1384
528 542 1180 1097 861 760 778 910 1167 1077 1278 1332 1158 844 770 468 482 0 413 847 917 1117 1251 1412 1675 1421 1010 794 393 264 958 902
256 211 767 702 577 412 370 507 766 691 894 962 830 439 737 530 766 413 0 560 682 831 1017 1192 1446 1265 852 631 297 587 948 794
328 350 701 830 985 782 575 667 520 381 529 541 320 386 1281 1090 1293 847 560 0 156 275 461 638 887 744 378 250 461 858 643 408
432 473 838 982 1137 935 730 822 636 496 607 591 340 540 1415 1207 1382 917 682 156 0 226 340 512 770 595 225 172 524 883 520 280
602 622 768 962 1200 1001 779 838 532 408 446 401 151 564 1537 1360 1567 1117 831 275 226 0 234 403 631 567 352 397 726 1104 694 465
771 806 996 1196 1427 1226 1006 1071 755 638 641 570 361 794 1742 1545 1721 1251 1017 461 340 234 0 177 430 338 297 465 860 1192 619 439
943 982 1146 1357 1602 1401 1181 1240 899 793 766 680 509 966 1919 1718 1885 1412 1192 638 512 403 177 0 263 231 418 618 1023 1335 686 555
1201 1235 1314 1545 1826 1629 1405 1449 1066 981 907 806 702 1187 2165 1974 2148 1675 1446 887 770 631 430 263 0 361 677 881 1286 1595 913 810
1009 1060 1334 1527 1729 1526 1315 1392 1093 975 975 897 699 1110 2002 1776 1902 1421 1265 744 595 567 338 231 361 0 418 643 1051 1302 568 520
596 653 1058 1207 1346 1145 948 1045 846 709 791 753 500 764 1590 1358 1490 1010 852 378 225 352 297 418 677 418 0 226 634 918 345 142
376 438 947 1056 1146 948 766 878 770 630 764 758 510 609 1367 1133 1271 794 631 250 172 397 465 618 881 643 226 0 410 729 398 178
179 235 939 940 873 700 601 741 860 746 937 976 779 566 991 734 862 393 297 461 524 726 860 1023 1286 1051 634 410 0 414 664 544
591 635 1330 1289 1105 980 953 1092 1271 1160 1351 1387 1178 966 1032 728 667 264 587 858 883 1104 1192 1335 1595 1302 918 729 414 0 783 789
718 792 1344 1452 1506 1314 1151 1270 1155 1015 1122 1093 839 1007 1653 1382 1431 958 948 643 520 694 619 686 913 568 345 398 664 783 0 240
544 611 1109 1230 1322 1124 944 1055 915 775 884 859 604 783 1525 1278 1384 902 794 408 280 465 439 555 810 520 142 178 544 789 240 0
0.0 0.0 10.0 10.0 10.0 10.0 5.0 5.0 5.0 5.0 10.0 10.0 10.0 5.0 10.0 15.0 15.0 10.0 5.0 5.0 5.0 10.0 10.0 10.0 15.0 15.0 15.0 10.0 10.0 10.0 10.0 10.0

