33 0
0 95 653 598 439 422 699 404 682 805 933 1011 950 867 402 1141 1232 1022 1403 1676 818 1690 225 149 57 340 424 195 475 651 570 893 345
95 0 567 552 430 489 626 488 587 822 916 949 861 820 412 1079 1188 1006 1381 1628 801 1652 318 132 148 388 341 225 491 566 514 798 252
653 567 0 358 536 875 170 951 230 1267 1230 1007 640 490 611 602 813 830 1635 1710 664 1271 842 541 690 933 488 619 664 528 736 430 332
598 552 358 0 250 630 236 743 572 1366 1412 1291 984 269 340 560 637 512 1855 2002 321 1101 706 450 607 935 679 462 361 810 937 787 449
439 430 536 250 0 380 465 496 704 1243 1344 1315 1093 481 90 798 824 583 1806 2017 380 1268 485 301 428 774 676 258 128 860 910 936 456
422 489 875 630 380 0 835 142 993 1134 1322 1433 1330 845 290 1171 1157 838 1792 2094 671 1568 272 396 370 644 827 286 289 1048 992 1224 673
699 626 170 236 465 835 0 933 400 1386 1376 1175 806 320 551 467 650 665 1792 1879 510 1114 857 565 725 1011 627 616 587 694 883 585 432
404 488 951 743 496 142 933 0 1042 1032 1245 1402 1348 973 408 1294 1294 980 1710 2040 810 1709 197 429 347 551 827 334 422 1054 959 1268 708
682 587 230 572 704 993 400 1042 0 1146 1061 787 412 720 764 796 1031 1059 1438 1485 888 1481 898 613 731 894 370 713 830 324 576 233 338
805 822 1267 1366 1243 1134 1386 1032 1146 0 328 783 1112 1630 1205 1853 1999 1825 717 1159 1620 2466 863 944 826 492 785 997 1276 870 585 1236 955
933 916 1230 1412 1344 1322 1376 1245 1061 328 0 500 914 1659 1327 1832 2019 1907 470 843 1701 2487 1056 1047 971 696 749 1127 1404 744 494 1090 966
1011 949 1007 1291 1315 1433 1175 1402 787 783 500 0 488 1491 1332 1580 1817 1803 697 711 1610 2268 1206 1066 1065 933 640 1172 1412 484 443 718 864
950 861 640 984 1093 1330 806 1348 412 1112 914 488 0 1124 1140 1145 1408 1470 1184 1123 1300 1836 1174 933 1006 1040 530 1043 1213 309 551 250 661
867 820 490 269 481 845 320 973 720 1630 1659 1491 1124 0 566 330 369 362 2091 2198 269 836 962 718 874 1204 914 721 557 1008 1174 894 694
402 412 611 340 90 290 551 408 764 1205 1327 1332 1140 566 0 886 900 634 1793 2027 438 1337 412 281 380 726 694 208 81 892 914 997 488
1141 1079 602 560 798 1171 467 1294 796 1853 1832 1580 1145 330 886 0 294 582 2232 2264 577 691 1265 997 1158 1467 1087 1021 885 1118 1338 896 899
1232 1188 813 637 824 1157 650 1294 1031 1999 2019 1817 1408 369 900 294 0 393 2442 2514 490 469 1309 1083 1236 1570 1271 1076 872 1341 1530 1163 1057
1022 1006 830 512 583 838 665 980 1059 1825 1907 1803 1470 362 634 582 393 0 2359 2513 206 734 1040 881 1010 1356 1189 838 580 1321 1444 1249 957
1403 1381 1635 1855 1806 1792 1792 1710 1438 717 470 697 1184 2091 1793 2232 2442 2359 0 528 2155 2905 1524 1513 1441 1159 1178 1595 1871 1114 919 1408 1406
1676 1628 1710 2002 2017 2094 1879 2040 1485 1159 843 711 1123 2198 2027 2264 2514 2513 528 0 2321 2955 1844 1753 1724 1513 1342 1852 2107 1193 1115 1372 1571
818 801 664 321 380 671 510 810 888 1620 1701 1610 1300 269 438 577 490 206 2155 2321 0 902 850 676 808 1154 989 637 394 1131 1241 1092 757
1690 1652 1271 1101 1268 1568 1114 1709 1481 2466 2487 2268 1836 836 1337 691 469 734 2905 2955 902 0 1749 1542 1690 2030 1738 1525 1296 1798 1996 1587 1526
225 318 842 706 485 272 857 197 898 863 1056 1206 1174 962 412 1265 1309 1040 1524 1844 850 1749 0 301 170 372 647 245 460 873 763 1115 560
149 132 541 450 301 396 565 429 613 944 1047 1066 933 718 281 997 1083 881 1513 1753 676 1542 301 0 162 488 438 111 360 655 638 839 280
57 148 690 607 428 370 725 347 731 826 971 1065 1006 874 380 1158 1236 1010 1441 1724 808 1690 170 162 0 347 481 172 449 708 622 945 393
340 388 933 935 774 644 1011 551 894 492 696 933 1040 1204 726 1467 1570 1356 1159 1513 1154 2030 372 488 347 0 541 519 792 735 522 1063 601
424 341 488 679 676 827 627 827 370 785 749 640 530 914 694 1087 1271 1189 1178 1342 989 1738 647 438 481 541 0 548 774 227 260 522 232
195 225 619 462 258 286 616 334 713 997 1127 1172 1043 721 208 1021 1076 838 1595 1852 637 1525 245 111 172 519 548 0 280 766 739 942 387
475 491 664 361 128 289 587 422 830 1276 1404 1412 1213 557 81 885 872 580 1871 2107 394 1296 460 360 449 792 774 280 0 969 994 1062 565
651 566 528 810 860 1048 694 1054 324 870 744 484 309 1008 892 1118 1341 1321 1114 1193 1131 1798 873 655 708 735 227 766 969 0 285 367 405
570 514 736 937 910 992 883 959 576 585 494 443 551 1174 914 1338 1530 1444 919 1115 1241 1996 763 638 622 522 260 739 994 285 0 651 488
893 798 430 787 936 1224 585 1268 233 1236 1090 718 250 894 997 896 1163 1249 1408 1372 1092 1587 1115 839 945 1063 522 942 1062 367 651 0 559
345 252 332 449 456 673 432 708 338 955 966 864 661 694 488 899 1057 957 1406 1571 757 1526 560 280 393 601 232 387 565 405 488 559 0
0.0 0.0 20.0 20.0 20.0 20.0 20.0 20.0 20.0 30.0 30.0 30.0 30.0 30.0 30.0 40.0 40.0 40.0 40.0 40.0 50.0 50.0 50.0 10.0 10.0 10.0 10.0 10.0 10.0 20.0 20.0 20.0 10.0

