0.0 1.5524174696260014 4.4384682042344314 5.203844732503079 7.42159012611179 3.4928498393145984 2.9154759474226553 1.315294643796592 5.044799302251777 4.9929950931279725 3.289376840679709 1.878829422805594 1.3601470508735527 1.2369316876852987 2.469817807045693 10.983624174196787 11.860016863394417 9.263368717696602 10.606601717798213 12.684636376341267 9.700515450222222
1.5524174696260014 0.0 5.842088667591414 6.7268120235368585 8.973850901368932 5.032891812864648 4.4598206241955545 2.8635642126552736 6.082762530298222 5.663920903402522 3.748332962798266 2.641968962724577 2.6305892875931867 1.4422205101855952 1.711724276862375 11.562439189029277 12.520782723136762 10.121264743103996 11.778370006074695 13.945967159003354 11.204017136723776
4.4384682042344314 5.842088667591413 0.0 1.5811388300841986 4.101219330881975 2.7313000567495287 2.72029410174709 3.269556544854365 2.1377558326431934 3.4885527085024797 3.7735924528226428 3.551056180912943 3.214031735997646 4.601086828130938 5.688585061331158 8.276472678623428 8.854377448471464 5.923681287847957 6.4031242374328485 8.318653737234172 5.4918120870984
5.203844732503079 6.7268120235368585 1.5811388300841986 0.0 2.5612496949731454 2.3323807579381257 2.657066051117285 3.900000000000003 3.640054944640263 5.060632371551999 5.263078946776308 4.792702786528704 4.2201895692018425 5.675385449465088 6.894925670375281 9.433981132056607 9.884331034521256 6.923149572268391 6.70074622710038 8.261961026293942 4.509988913511876
7.42159012611179 8.973850901368934 4.101219330881975 2.5612496949731454 0.0 4.019950248448352 4.554119014694278 6.113100686231172 5.990826320300062 7.499999999999998 7.824321056807423 7.294518489934752 6.630987860040164 8.077747210701755 9.352005132590552 11.065260954898442 11.300442469213317 8.429116205154607 7.212489168102791 8.070935509592427 3.1400636936215185
3.4928498393145984 5.032891812864648 2.7313000567495287 2.3323807579381257 4.019950248448352 0.0 0.583095189484533 2.2472205054244228 4.652956049652734 5.622277118748237 4.9658836071740575 3.9204591567825324 3.0413812651491146 4.360045871318327 5.70087712549569 10.963576058932597 11.576700738984318 8.653900854527972 8.914033879226624 10.580170130957255 6.670832032063167
2.9154759474226553 4.4598206241955545 2.72029410174709 2.657066051117285 4.554119014694278 0.583095189484533 0.0 1.6643316977093225 4.46430285710994 5.299999999999998 4.494441010848848 3.3837848631377243 2.4839484696748473 3.780211634287163 5.12249938994628 10.815729286552989 11.476933388322859 8.586617494683225 9.055385138137417 10.81665382639197 7.102112361825886
1.315294643796592 2.8635642126552736 3.269556544854367 3.900000000000005 6.1131006862311725 2.2472205054244228 1.6643316977093225 0.0 4.280186911806542 4.617358552246078 3.306055050963311 1.96468827043885 1.0198039027185601 2.1260291625469288 3.471310991541956 10.50951949424901 11.3017697729161 8.56037382361308 9.596353474106714 11.583177456984764 8.405355435673142
5.044799302251777 6.082762530298221 2.1377558326431934 3.640054944640263 5.990826320300062 4.652956049652734 4.46430285710994 4.28018691180654 0.0 1.5620499351813393 2.801785145224384 3.4438350715445067 3.687817782917158 4.651881339845205 5.315072906367325 6.356886030125129 7.066116330771814 4.280186911806545 5.724508712544693 7.983107164506821 6.576473218982953
4.9929950931279725 5.663920903402521 3.4885527085024797 5.060632371551999 7.499999999999998 5.622277118748237 5.299999999999998 4.617358552246076 1.5620499351813393 0.0 1.9416487838947625 3.140063693621514 3.757658845611188 4.242640687119285 4.517742799230606 5.990826320300068 6.888396039717809 4.4944410108488455 6.661080993352356 9.027181176868005 8.112336284942828
3.289376840679709 3.748332962798266 3.7735924528226428 5.263078946776308 7.824321056807423 4.9658836071740575 4.494441010848848 3.306055050963311 2.801785145224384 1.9416487838947625 0.0 1.4317821063276392 2.3000000000000043 2.360084744241194 2.5999999999999983 7.8243210568074195 8.772684879784522 6.4350602172784654 8.440379138403678 10.75174404457249 9.108238029388563
1.878829422805594 2.641968962724577 3.551056180912943 4.792702786528704 7.294518489934752 3.9204591567825324 3.3837848631377243 1.96468827043885 3.4438350715445067 3.140063693621514 1.4317821063276392 0.0 0.9486832980505018 1.2083045973594606 2.1377558326431934 9.126335518706291 10.026464980241043 7.516648189186452 9.154780172128653 11.360017605620163 9.042676594902643
1.3601470508735527 2.6305892875931867 3.214031735997646 4.2201895692018425 6.630987860040164 3.0413812651491146 2.4839484696748473 1.0198039027185601 3.687817782917158 3.757658845611188 2.3000000000000043 0.9486832980505018 0.0 1.456021977856115 2.729468812791234 9.724710792614863 10.568348972285122 7.9246451024635824 9.25904962725657 11.365298060323806 8.628441342444189
1.2369316876852987 1.4422205101855952 4.601086828130938 5.675385449465088 8.077747210701755 4.360045871318327 3.780211634287163 2.1260291625469288 4.651881339845205 4.242640687119285 2.360084744241194 1.2083045973594606 1.456021977856115 0.0 1.3453624047073718 10.182828683622247 11.1198021565134 8.683317338436963 10.361949623502326 12.557467897629683 10.060318086422518
2.469817807045693 1.711724276862375 5.688585061331158 6.894925670375281 9.352005132590552 5.70087712549569 5.12249938994628 3.471310991541956 5.315072906367325 4.517742799230606 2.5999999999999983 2.1377558326431934 2.729468812791234 1.3453624047073718 0.0 10.183319694480772 11.194641575325223 9.004998611882181 11.01635148313633 13.298120167903432 11.180339887498949
10.983624174196787 11.562439189029277 8.276472678623426 9.433981132056607 11.065260954898442 10.963576058932597 10.815729286552989 10.50951949424901 6.356886030125127 5.990826320300068 7.824321056807421 9.12633551870629 9.724710792614864 10.182828683622247 10.183319694480774 0.0 1.140175425099118 2.647640458974733 5.263078946776317 7.140028011149542 9.823441352194253
11.860016863394417 12.520782723136762 8.854377448471462 9.884331034521256 11.30044246921332 11.576700738984316 11.476933388322859 11.3017697729161 7.066116330771812 6.888396039717809 8.772684879784524 10.026464980241043 10.568348972285124 11.1198021565134 11.194641575325225 1.140175425099118 0.0 2.961418578992176 4.919349550499536 6.505382386916246 9.75294827218929
9.263368717696602 10.121264743103996 5.923681287847955 6.923149572268391 8.429116205154607 8.653900854527972 8.586617494683225 8.56037382361308 4.280186911806542 4.4944410108488455 6.435060217278467 7.516648189186452 7.9246451024635824 8.683317338436963 9.004998611882181 2.647640458974733 2.961418578992176 0.0 3.176476034853723 5.4708317466359775 7.244998274671983
10.606601717798213 11.778370006074695 6.403124237432851 6.70074622710038 7.212489168102789 8.914033879226622 9.055385138137417 9.596353474106712 5.72450871254469 6.661080993352356 8.440379138403676 9.154780172128655 9.259049627256568 10.361949623502326 11.01635148313633 5.263078946776317 4.919349550499536 3.176476034853723 0.0 2.4083189157584735 5.015974481593789
12.684636376341267 13.945967159003354 8.31865373723417 8.261961026293942 8.070935509592426 10.580170130957253 10.81665382639197 11.583177456984764 7.983107164506819 9.027181176868005 10.751744044572492 11.360017605620163 11.365298060323806 12.557467897629683 13.298120167903434 7.140028011149542 6.505382386916246 5.4708317466359775 2.4083189157584735 0.0 5.200000000000007
9.700515450222222 11.204017136723776 5.491812087098397 4.509988913511876 3.140063693621523 6.670832032063169 7.102112361825886 8.40535543567314 6.5764732189829544 8.112336284942828 9.108238029388563 9.042676594902643 8.628441342444189 10.060318086422518 11.180339887498949 9.823441352194253 9.75294827218929 7.244998274671983 5.015974481593789 5.200000000000007 0.0
0.0 0.0 20.0 20.0 30.0 15.0 15.0 10.0 20.0 20.0 20.0 15.0 10.0 10.0 25.0 40.0 40.0 30.0 30.0 50.0 30.0
