32 0
0.0 0.7615773105864176 7.64852927038917 7.877182237323196 7.874642849044012 5.964059020499377 4.560701700396559 5.903388857258179 6.809552114493288 5.70087712549569 7.641989269817126 8.091971329657564 6.3071388124885805 3.905124837953327 9.936800289831734 7.752418977325724 9.654014708917737 5.283937925449167 2.563201123595269 3.275667870831843 4.318564576337841 6.020797289396157 7.705841939723394 9.433981132056603 12.006664815842907 10.088111815399351 5.961543424315554 3.758989225842492 1.7888543819998126 5.907622195096774 7.184010022264725 5.440588203494185
0.7615773105864176 0.0 7.034202158027591 7.144928271158506 7.15052445628991 5.220153254455281 3.8078865529319543 5.16236379965612 6.3820059542435414 5.37401153701776 7.366138744281165 7.905694150420948 6.324555320336759 3.3241540277189427 9.425497334358544 7.402702209328703 9.550916186418975 5.420332093147058 2.1095023109729096 3.5 4.729693436154194 6.220128616033599 8.06225774829855 9.815294188153514 12.349089035228468 10.604244433244645 6.5299310869258065 4.382921400162223 2.353720459187956 6.352952069707437 7.920227269466452 6.107372593840998
7.64852927038917 7.034202158027591 0.0 2.617250465660441 6.7683085036070825 5.547071299343458 4.11096095821889 3.1064449134017913 2.483948469674813 3.605551275464005 4.159326868617079 5.232590180780451 6.3780874876407765 3.748332962798241 11.516944039110374 11.322543883774527 14.591093173576816 11.799152511939146 7.666159403508382 7.009279563550015 8.381527307120102 7.684399781375248 9.963934965664919 11.458621208504978 13.140015220691335 13.340539719216753 10.584894897919389 9.472592042308165 9.386160024205841 13.296616110875725 13.439121995130481 11.086027241532465
7.877182237323196 7.144928271158506 2.617250465660441 0.0 4.3863424398922755 3.7013511046643632 3.401470270338997 2.0 4.884669896727926 5.66127194188728 6.673080248281155 7.749193506423761 8.5 4.472135954999592 9.259049627256575 9.548298277703733 12.995768542106314 10.973149046650194 7.021395872616788 8.300602387778852 9.818350166906864 9.620810776644557 11.960351165413165 13.57239846158372 15.454772725601625 15.274161188098022 12.065239326262866 10.560303025955271 9.404786015641188 12.88914271780711 14.523085071705665 12.298373876248851
7.874642849044012 7.15052445628991 6.7683085036070825 4.3863424398922755 0.0 2.0248456731316784 4.215447781671596 4.004996878900167 8.500588214941363 8.729833904490963 10.307764064044152 11.328283188550678 11.292918134831226 6.390618123468186 4.887739763939973 5.724508712544687 9.259049627256568 8.614522621712709 5.770615218501409 9.847842403288144 11.3718951806636 12.001666550941996 14.266394078392759 16.015305179733545 18.2584227139148 17.288724649319857 13.462912017836258 11.462983904725682 8.73212459828649 11.047624178980746 15.057224179774966 13.224598292575848
5.964059020499377 5.220153254455281 5.547071299343464 3.7013511046643632 2.0248456731316784 0.0 2.256102834535715 2.469817807045687 6.8731361109758335 6.911584478250992 8.628441342444187 9.604686356149278 9.362157870918436 4.438468204234428 6.063827174318216 5.872818744010415 9.295697929687693 7.595393340703295 4.123105625617668 7.823042886243178 9.347726996441434 10.008995953640905 12.257650672131264 14.011780757633916 16.286497474902333 15.264337522473745 11.44770719401925 9.475230867899741 7.000714249274859 9.800510190801297 13.140015220691334 11.24499888839479
4.560701700396559 3.8078865529319543 4.11096095821889 3.401470270338997 4.215447781671596 2.256102834535715 0.0 1.4035668847618297 4.838388161361174 4.701063709417266 6.511528238439889 7.4431176263713565 7.106335201775948 2.184032966784151 8.14984662432368 7.3824115301167 10.526157893552613 7.782030583337486 3.7000000000000073 5.7489129407219295 7.300000000000002 7.78781098897502 10.064790112068902 11.806777714516361 14.04563989286355 13.14876420048668 9.475230867899738 7.6609398901179215 6.013318551349161 9.534149149242424 11.510430052782564 9.44033897696476
5.903388857258179 5.16236379965612 3.1064449134017913 2.0 4.004996878900167 2.469817807045687 1.4035668847618297 0.0 4.501110973970759 4.780167361086851 6.3031738037277805 7.324616030892001 7.473285756613353 2.8284271247461903 8.516454661418681 8.220097323024827 11.527792503337317 9.100000000000001 5.069516742254623 6.670832032063167 8.221921916437784 8.376156636548767 10.70747402518447 12.40201596515664 14.493101807411689 13.917614738165442 10.448444860360794 8.781799360040056 7.406078584514203 10.923827168167758 12.701181047445939 10.547511554864496
6.809552114493288 6.3820059542435414 2.483948469674813 4.884669896727926 8.500588214941363 6.87313611097583 4.838388161361174 4.501110973970759 0.0 1.4035668847617893 1.8248287590894459 2.88617393793233 3.9408120990476028 3.2649655434628966 12.92478239662084 12.174152947946729 15.147607071745687 11.67261752992875 7.657675887630658 5.203844732503068 6.363961030678923 5.323532661682458 7.54519714785504 8.993886812718959 10.660675400742674 10.928860873851393 8.464632301523796 7.700649323271376 8.595929269136642 12.709445306542687 11.552488909321653 9.154780172128657
5.70087712549569 5.37401153701776 3.605551275464005 5.66127194188728 8.729833904490963 6.911584478250992 4.701063709417266 4.780167361086851 1.4035668847617893 0.0 2.024845673131664 2.7892651361962657 2.8425340807103865 2.692582403567252 12.839003076563229 11.764352935882194 14.536161804272817 10.7712580509428 6.9115844782509965 3.81182371050918 4.964876634922567 4.08044115262063 6.378087487640803 7.930952023559346 9.811218069128827 9.745255255764219 7.088018058667744 6.303173803727766 7.46324326281812 11.601724009818545 10.149384217774003 7.7524189773257275
7.641989269817126 7.366138744281165 4.159326868617079 6.673080248281155 10.307764064044152 8.628441342444184 6.511528238439889 6.3031738037277805 1.8248287590894459 2.024845673131664 0.0 1.077032961426886 2.942787793912446 4.661544808322656 14.651279807579954 13.729530217745985 16.552945357246852 12.778106275970632 8.93588272080605 5.2924474489597175 6.067124524846996 4.455333881989108 6.407807737440313 7.655063683601856 9.068627239003701 9.74935895328508 7.905694150420945 7.640026177965627 9.372299611087987 13.509256086106298 11.221853679316975 8.836288813749821
8.091971329657564 7.905694150420948 5.232590180780451 7.749193506423761 11.328283188550678 9.604686356149276 7.4431176263713565 7.324616030892001 2.88617393793233 2.7892651361962657 1.077032961426886 0.0 2.54950975679637 5.481788029466294 15.592947123619703 14.549914089093448 17.266151858477325 13.32216198670471 9.615092303249098 5.408326913195974 5.913543776789015 4.01123422402632 5.70087712549568 6.800000000000001 8.062257748298535 8.969392398596458 7.532595834106598 7.576938695805848 9.759098319004682 13.865785228395831 10.932977636490435 8.59069263796582
6.3071388124885805 6.324555320336759 6.3780874876407765 8.5 11.292918134831226 9.362157870918436 7.106335201775948 7.473285756613353 3.9408120990476028 2.8425340807103865 2.942787793912446 2.54950975679637 0.0 4.924428900898052 15.02131818450032 13.52035502492446 15.875137794677563 11.583609109426995 8.2975900115636 3.2015621187164243 3.4014702703389887 1.5132745950421436 3.605551275463989 5.093132631298731 7.021395872616772 6.989277502002615 5.003998401278712 5.099999999999993 7.793587107359479 11.779643458101779 8.386298349092996 6.041522986797282
3.905124837953327 3.3241540277189427 3.748332962798241 4.472135954999592 6.390618123468186 4.438468204234428 2.184032966784151 2.8284271247461903 3.2649655434628966 2.692582403567252 4.661544808322656 5.481788029466294 4.924428900898052 0.0 10.204410811016968 9.075791976461339 11.92015100575492 8.438601779915913 4.393176527297767 3.8600518131237536 5.4037024344425175 5.635601121442147 7.940403012442131 9.664884893261796 11.868024266911485 11.104053313993047 7.640026177965627 6.092618484691123 5.661271941887261 9.66074531286277 10.065783625729292 7.826237921249268
9.936800289831734 9.425497334358544 11.516944039110374 9.259049627256575 4.887739763939973 6.063827174318216 8.14984662432368 8.516454661418681 12.92478239662084 12.839003076563229 14.651279807579954 15.592947123619703 15.02131818450032 10.204410811016968 0.0 3.052867504494758 5.700877125495688 7.7006493232713815 7.373601562330315 12.809761902549166 14.14814475470194 15.37302832886221 17.419529270333342 19.188017094009485 21.654098919142307 20.019240744843447 15.895911424010892 13.669308687713507 9.912618221237008 10.322790320451153 16.530275254816537 15.250573759698357
7.752418977325724 7.402702209328703 11.322543883774527 9.548298277703733 5.724508712544687 5.872818744010415 7.3824115301167 8.220097323024827 12.174152947946729 11.764352935882194 13.729530217745985 14.549914089093448 13.52035502492446 9.075791976461339 3.052867504494758 0.0 3.5355339059327417 4.6754678910243825 5.300000000000003 10.901834707974619 12.070211265756702 13.6033084211158 15.446682491719704 17.184295155751954 19.7428468058687 17.756407294269863 13.582341477079716 11.326517558367179 7.338937252763506 7.280109889280518 13.823530663329102 12.775758294520138
9.654014708917737 9.550916186418975 14.591093173576816 12.995768542106315 9.25904962725657 9.295697929687691 10.526157893552611 11.527792503337315 15.147607071745686 14.536161804272817 16.552945357246852 17.266151858477325 15.875137794677563 11.92015100575492 5.700877125495688 3.5355339059327417 0.0 4.81663783151692 7.655716818169285 12.92942380773405 13.817742217887842 15.673225577397908 17.205231762461093 18.852055590836773 21.475567512873784 19.021303845951252 14.900335566691105 12.706297651164954 8.62090482490092 6.670832032063167 14.309786860746735 13.836184445142385
5.28393792544917 5.420332093147061 11.799152511939148 10.973149046650194 8.61452262171271 7.595393340703297 7.782030583337484 9.100000000000003 11.672617529928752 10.7712580509428 12.778106275970634 13.322161986704712 11.583609109426995 8.438601779915913 7.7006493232713815 4.6754678910243825 4.81663783151692 0.0 4.134005321718881 8.469356528095863 9.167878707749137 11.166467659918245 12.513193037750199 14.115239990875116 16.74514855114758 14.208800090085017 10.104454463255301 7.940403012442127 3.9293765408776964 2.6419689627245795 9.581753492967763 9.019977827023748
2.563201123595269 2.1095023109729096 7.666159403508382 7.021395872616788 5.770615218501409 4.123105625617668 3.7000000000000073 5.069516742254623 7.657675887630658 6.9115844782509965 8.93588272080605 9.615092303249098 8.2975900115636 4.393176527297767 7.373601562330315 5.300000000000003 7.655716818169285 4.134005321718878 0.0 5.603570290448768 6.824954212300629 8.305419917138448 10.171037311896955 11.921828718783042 14.458561477546791 12.649110640673518 8.523496934944015 6.307138812488594 2.968164415931176 5.869412236331679 9.479451460923254 7.940403012442127
3.275667870831843 3.5 7.009279563550015 8.300602387778852 9.847842403288144 7.823042886243178 5.7489129407219295 6.670832032063167 5.203844732503068 3.81182371050918 5.2924474489597175 5.408326913195974 3.2015621187164243 3.8600518131237536 12.809761902549166 10.901834707974619 12.92942380773405 8.469356528095862 5.603570290448768 0.0 1.5556349186104097 2.7459060435491893 4.6097722286464435 6.378871373526838 8.868483523128404 7.4431176263713565 3.780211634287163 2.5019992006393474 4.614108798023727 8.579627031520664 6.432728814430155 4.0804411526206374
4.318564576337841 4.729693436154194 8.381527307120102 9.818350166906864 11.3718951806636 9.347726996441434 7.300000000000002 8.221921916437784 6.363961030678928 4.964876634922561 6.067124524847001 5.9135437767890195 3.4014702703389803 5.4037024344425175 14.14814475470194 12.070211265756702 13.817742217887842 9.167878707749137 6.824954212300629 1.5556349186104097 0.0 2.2627416997969783 3.4014702703389803 5.115662224971484 7.700000000000005 5.94810894318523 2.2472205054244383 1.720465053408536 5.239274758971893 8.832326986700616 5.2038447325030734 2.8017851452244042
6.020797289396157 6.220128616033599 7.684399781375248 9.620810776644557 12.001666550941996 10.008995953640905 7.78781098897502 8.376156636548767 5.323532661682458 4.08044115262063 4.455333881989108 4.01123422402632 1.5132745950421436 5.635601121442147 15.37302832886221 13.6033084211158 15.67322557739791 11.166467659918244 8.305419917138448 2.7459060435491893 2.262741699796966 0.0 2.343074902771998 4.031128874149289 6.3063460101710325 5.672741841473119 3.5227829907617108 3.9698866482558333 7.2615425358528345 11.038568747804216 6.9426219830839155 4.648655719667779
7.705841939723394 8.06225774829855 9.963934965664919 11.960351165413165 14.266394078392759 12.257650672131264 10.064790112068902 10.70747402518447 7.54519714785504 6.378087487640803 6.407807737440313 5.70087712549568 3.605551275463989 7.940403012442131 17.419529270333342 15.446682491719704 17.205231762461093 12.513193037750197 10.171037311896955 4.6097722286464435 3.401470270338972 2.343074902771998 0.0 1.7720045146669954 4.3011626335213 3.3837848631376994 2.9732137494636777 4.648655719667791 8.598837130682261 11.923086848631105 6.191122676865636 4.393176527297774
9.433981132056603 9.815294188153514 11.458621208504978 13.57239846158372 16.015305179733545 14.011780757633916 11.806777714516361 12.40201596515664 8.993886812718959 7.930952023559346 7.655063683601856 6.800000000000001 5.093132631298731 9.664884893261796 19.188017094009485 17.184295155751954 18.852055590836773 14.115239990875114 11.921828718783042 6.378871373526838 5.115662224971477 4.031128874149289 1.7720045146669954 0.0 2.630589287593195 2.308679276123048 4.178516483155247 6.181423784210244 10.231324449942933 13.345411196362594 6.859300255857003 5.5461698495448335
12.006664815842907 12.349089035228468 13.140015220691335 15.454772725601625 18.2584227139148 16.286497474902333 14.04563989286355 14.493101807411689 10.660675400742674 9.811218069128827 9.068627239003701 8.062257748298535 7.021395872616772 11.868024266911485 21.654098919142307 19.7428468058687 21.475567512873784 16.74514855114758 14.458561477546791 8.868483523128404 7.700000000000001 6.3063460101710325 4.3011626335213 2.630589287593195 0.0 3.612478373637698 6.772001181334819 8.811923740024078 12.856126943990557 15.948040632002414 9.126335518706288 8.099382692526639
10.088111815399351 10.604244433244645 13.340539719216753 15.274161188098022 17.288724649319857 15.264337522473745 13.14876420048668 13.917614738165442 10.928860873851393 9.745255255764219 9.74935895328508 8.969392398596458 6.989277502002615 11.104053313993047 20.019240744843447 17.756407294269863 19.021303845951252 14.208800090085015 12.649110640673518 7.4431176263713565 5.9481089431852245 5.672741841473119 3.3837848631376994 2.308679276123048 3.612478373637698 0.0 4.177319714841083 6.43272881443016 10.50761628534274 13.024976007655447 5.67978872846517 5.2009614495783385
5.961543424315554 6.5299310869258065 10.584894897919389 12.065239326262866 13.462912017836258 11.44770719401925 9.475230867899738 10.448444860360794 8.4646323015238 7.088018058667744 7.905694150420948 7.532595834106601 5.003998401278718 7.640026177965627 15.895911424010892 13.582341477079716 14.900335566691105 10.1044544632553 8.523496934944015 3.780211634287163 2.2472205054244383 3.522782990761719 2.9732137494636874 4.178516483155254 6.772001181334823 4.17731971484109 0.0 2.2561028345357026 6.338769596696183 9.176055797563565 3.448187929913323 1.4212670403551833
3.758989225842492 4.382921400162223 9.472592042308165 10.560303025955271 11.462983904725682 9.475230867899741 7.6609398901179215 8.781799360040056 7.70064932327138 6.303173803727766 7.64002617796563 7.576938695805844 5.099999999999999 6.092618484691123 13.669308687713507 11.326517558367179 12.706297651164954 7.940403012442125 6.307138812488594 2.5019992006393474 1.720465053408536 3.9698866482558404 4.648655719667797 6.181423784210248 8.811923740024081 6.432728814430164 2.2561028345357026 0.0 4.104875150354754 7.291776189653654 3.984971769034247 1.7804493814765059
1.7888543819998126 2.353720459187956 9.386160024205841 9.404786015641188 8.73212459828649 7.000714249274859 6.013318551349161 7.406078584514203 8.595929269136642 7.46324326281812 9.372299611087987 9.759098319004682 7.793587107359479 5.661271941887261 9.912618221237008 7.338937252763506 8.62090482490092 3.9293765408776964 2.968164415931176 4.614108798023727 5.239274758971893 7.2615425358528345 8.598837130682261 10.231324449942933 12.856126943990557 10.50761628534274 6.338769596696183 4.104875150354754 0.0 4.140048308896889 6.640030120413606 5.440588203494185
5.907622195096774 6.352952069707437 13.296616110875725 12.88914271780711 11.047624178980746 9.800510190801297 9.534149149242424 10.923827168167758 12.709445306542687 11.601724009818545 13.509256086106298 13.865785228395831 11.779643458101779 9.66074531286277 10.322790320451153 7.280109889280518 6.670832032063167 2.6419689627245795 5.869412236331679 8.579627031520664 8.832326986700616 11.038568747804216 11.923086848631105 13.345411196362594 15.948040632002416 13.024976007655447 9.176055797563565 7.291776189653654 4.140048308896889 0.0 7.8313472659562215 7.885429601486533
7.184010022264725 7.920227269466452 13.439121995130481 14.523085071705665 15.057224179774966 13.140015220691334 11.510430052782564 12.701181047445939 11.552488909321653 10.149384217774003 11.221853679316975 10.932977636490435 8.386298349092996 10.065783625729292 16.530275254816537 13.823530663329102 14.309786860746735 9.581753492967762 9.479451460923254 6.432728814430155 5.2038447325030734 6.9426219830839155 6.191122676865636 6.859300255857003 9.126335518706288 5.67978872846517 3.448187929913323 3.984971769034247 6.640030120413606 7.8313472659562215 0.0 2.4020824298928707
5.440588203494185 6.107372593840998 11.086027241532465 12.298373876248851 13.224598292575848 11.24499888839479 9.44033897696476 10.547511554864496 9.154780172128657 7.7524189773257275 8.836288813749817 8.590692637965816 6.041522986797286 7.826237921249268 15.250573759698357 12.775758294520138 13.836184445142385 9.019977827023748 7.940403012442127 4.0804411526206374 2.8017851452244042 4.648655719667773 4.39317652729778 5.546169849544828 8.099382692526635 5.200961449578333 1.4212670403551833 1.7804493814765059 5.440588203494185 7.885429601486533 2.4020824298928707 0.0
0.0 0.0 10.0 10.0 10.0 10.0 5.0 5.0 5.0 5.0 10.0 10.0 10.0 5.0 10.0 15.0 15.0 10.0 5.0 5.0 5.0 10.0 10.0 10.0 15.0 15.0 15.0 10.0 10.0 10.0 10.0 10.0
