120 0
0.0 534.0 434.0 294.0 593.0 409.0 332.0 232.0 464.0 566.0 552.0 802.0 633.0 257.0 187.0 91.0 412.0 400.0 472.0 389.0 610.0 340.0 510.0 153.0 511.0 269.0 525.0 150.0 80.0 130.0 401.0 134.0 666.0 259.0 505.0 453.0 627.0 339.0 710.0 243.0 376.0 449.0 505.0 322.0 185.0 353.0 324.0 388.0 447.0 360.0 605.0 656.0 573.0 293.0 372.0 330.0 610.0 598.0 214.0 154.0 70.0 606.0 631.0 642.0 503.0 372.0 641.0 561.0 478.0 247.0 317.0 272.0 575.0 219.0 293.0 54.0 648.0 211.0 568.0 497.0 290.0 475.0 654.0 445.0 375.0 268.0 261.0 710.0 396.0 295.0 651.0 175.0 585.0 250.0 717.0 246.0 788.0 426.0 596.0 634.0 507.0 463.0 408.0 529.0 192.0 529.0 434.0 535.0 630.0 446.0 166.0 471.0 442.0 523.0 566.0 235.0 432.0 435.0 369.0 121.0
534.0 0.0 107.0 241.0 190.0 351.0 320.0 354.0 124.0 508.0 80.0 316.0 432.0 641.0 577.0 450.0 624.0 752.0 805.0 665.0 76.0 730.0 152.0 447.0 844.0 283.0 157.0 539.0 507.0 520.0 791.0 524.0 942.0 281.0 447.0 358.0 334.0 275.0 283.0 353.0 520.0 594.0 781.0 611.0 575.0 638.0 314.0 234.0 664.0 606.0 133.0 932.0 113.0 384.0 283.0 479.0 297.0 874.0 604.0 401.0 464.0 349.0 228.0 129.0 779.0 762.0 348.0 837.0 754.0 316.0 336.0 382.0 276.0 479.0 683.0 529.0 188.0 601.0 844.0 150.0 680.0 65.0 341.0 387.0 765.0 658.0 519.0 184.0 291.0 424.0 927.0 565.0 67.0 640.0 221.0 454.0 302.0 596.0 575.0 910.0 209.0 186.0 169.0 389.0 412.0 286.0 710.0 811.0 108.0 252.0 518.0 313.0 718.0 230.0 45.0 313.0 822.0 653.0 167.0 511.0
434.0 107.0 0.0 148.0 137.0 240.0 232.0 261.0 88.0 397.0 127.0 336.0 479.0 541.0 477.0 357.0 531.0 659.0 712.0 572.0 183.0 630.0 134.0 354.0 751.0 190.0 95.0 446.0 414.0 427.0 691.0 431.0 849.0 188.0 336.0 247.0 251.0 187.0 254.0 260.0 427.0 501.0 688.0 518.0 482.0 545.0 191.0 127.0 571.0 513.0 180.0 839.0 101.0 274.0 199.0 386.0 234.0 781.0 504.0 308.0 371.0 266.0 175.0 176.0 686.0 662.0 265.0 744.0 661.0 223.0 212.0 289.0 199.0 386.0 583.0 429.0 182.0 501.0 751.0 67.0 580.0 42.0 278.0 276.0 665.0 558.0 426.0 271.0 180.0 278.0 834.0 472.0 146.0 540.0 251.0 361.0 322.0 503.0 330.0 817.0 111.0 79.0 105.0 278.0 319.0 231.0 617.0 718.0 191.0 145.0 425.0 202.0 625.0 147.0 139.0 220.0 722.0 560.0 79.0 418.0
294.0 241.0 148.0 0.0 374.0 190.0 139.0 113.0 171.0 347.0 259.0 509.0 552.0 407.0 337.0 210.0 384.0 512.0 565.0 425.0 317.0 490.0 217.0 207.0 604.0 42.0 232.0 299.0 267.0 280.0 551.0 284.0 702.0 40.0 286.0 234.0 408.0 94.0 491.0 113.0 280.0 354.0 541.0 371.0 335.0 398.0 106.0 124.0 424.0 366.0 312.0 692.0 280.0 143.0 153.0 239.0 391.0 634.0 364.0 161.0 224.0 387.0 412.0 349.0 539.0 522.0 422.0 597.0 514.0 76.0 95.0 142.0 356.0 239.0 443.0 289.0 355.0 361.0 604.0 204.0 440.0 182.0 435.0 226.0 525.0 418.0 279.0 417.0 177.0 183.0 687.0 325.0 292.0 400.0 424.0 213.0 495.0 356.0 377.0 670.0 201.0 155.0 116.0 310.0 172.0 310.0 470.0 571.0 337.0 227.0 277.0 252.0 478.0 304.0 273.0 73.0 582.0 413.0 77.0 271.0
593.0 190.0 137.0 374.0 0.0 258.0 494.0 372.0 202.0 331.0 234.0 222.0 586.0 706.0 636.0 509.0 690.0 818.0 871.0 731.0 192.0 789.0 248.0 470.0 910.0 332.0 42.0 598.0 566.0 579.0 850.0 583.0 1008.0 364.0 354.0 265.0 168.0 313.0 117.0 419.0 586.0 660.0 847.0 677.0 634.0 704.0 275.0 219.0 730.0 672.0 287.0 998.0 79.0 319.0 229.0 545.0 107.0 940.0 663.0 460.0 523.0 183.0 38.0 121.0 845.0 821.0 152.0 903.0 820.0 360.0 289.0 448.0 86.0 545.0 742.0 588.0 68.0 660.0 910.0 70.0 739.0 137.0 151.0 294.0 824.0 717.0 585.0 239.0 198.0 308.0 993.0 624.0 135.0 699.0 137.0 373.0 208.0 662.0 237.0 976.0 139.0 157.0 242.0 236.0 477.0 177.0 776.0 877.0 165.0 162.0 437.0 166.0 784.0 81.0 228.0 371.0 881.0 719.0 205.0 570.0
409.0 351.0 240.0 190.0 258.0 0.0 310.0 188.0 328.0 171.0 365.0 470.0 723.0 522.0 452.0 325.0 506.0 634.0 687.0 547.0 442.0 605.0 370.0 280.0 726.0 148.0 257.0 414.0 382.0 395.0 666.0 399.0 824.0 180.0 110.0 59.0 239.0 281.0 375.0 235.0 402.0 476.0 663.0 493.0 450.0 520.0 91.0 113.0 546.0 488.0 418.0 814.0 329.0 129.0 39.0 361.0 275.0 756.0 479.0 276.0 339.0 216.0 296.0 369.0 661.0 637.0 262.0 719.0 636.0 176.0 105.0 264.0 240.0 361.0 558.0 404.0 316.0 476.0 726.0 257.0 555.0 282.0 319.0 50.0 640.0 533.0 401.0 487.0 53.0 118.0 809.0 440.0 385.0 515.0 385.0 183.0 456.0 478.0 179.0 792.0 172.0 161.0 298.0 127.0 293.0 165.0 592.0 693.0 424.0 111.0 247.0 99.0 600.0 188.0 383.0 187.0 697.0 535.0 259.0 386.0
332.0 320.0 232.0 139.0 494.0 310.0 0.0 208.0 188.0 467.0 249.0 588.0 417.0 184.0 375.0 248.0 210.0 338.0 391.0 251.0 396.0 394.0 175.0 246.0 430.0 169.0 316.0 279.0 305.0 318.0 474.0 314.0 528.0 142.0 406.0 354.0 528.0 45.0 611.0 89.0 106.0 180.0 367.0 197.0 231.0 224.0 225.0 289.0 250.0 192.0 264.0 518.0 359.0 262.0 273.0 65.0 511.0 460.0 402.0 199.0 262.0 507.0 532.0 428.0 365.0 456.0 542.0 423.0 340.0 170.0 218.0 84.0 476.0 167.0 238.0 327.0 434.0 231.0 430.0 288.0 317.0 261.0 555.0 346.0 384.0 231.0 141.0 496.0 297.0 302.0 513.0 311.0 371.0 277.0 503.0 332.0 574.0 182.0 497.0 496.0 408.0 251.0 131.0 430.0 160.0 430.0 296.0 397.0 416.0 347.0 336.0 372.0 304.0 424.0 352.0 168.0 441.0 239.0 153.0 309.0
232.0 354.0 261.0 113.0 372.0 188.0 208.0 0.0 284.0 345.0 372.0 584.0 621.0 391.0 321.0 141.0 408.0 536.0 589.0 449.0 430.0 474.0 330.0 113.0 628.0 63.0 355.0 283.0 251.0 264.0 535.0 268.0 726.0 72.0 284.0 232.0 406.0 184.0 489.0 133.0 300.0 378.0 565.0 395.0 319.0 422.0 104.0 168.0 448.0 390.0 425.0 716.0 403.0 60.0 151.0 259.0 389.0 658.0 348.0 78.0 208.0 385.0 410.0 472.0 563.0 506.0 420.0 621.0 538.0 39.0 79.0 162.0 354.0 259.0 427.0 273.0 430.0 345.0 628.0 327.0 424.0 295.0 433.0 224.0 509.0 402.0 299.0 530.0 175.0 100.0 711.0 309.0 405.0 384.0 499.0 130.0 570.0 380.0 375.0 694.0 286.0 216.0 229.0 308.0 154.0 308.0 494.0 595.0 450.0 225.0 114.0 250.0 502.0 302.0 386.0 43.0 566.0 437.0 190.0 255.0
464.0 124.0 88.0 171.0 202.0 328.0 188.0 284.0 0.0 485.0 61.0 392.0 411.0 372.0 507.0 380.0 398.0 526.0 579.0 439.0 202.0 582.0 46.0 377.0 618.0 213.0 160.0 469.0 437.0 450.0 662.0 454.0 716.0 211.0 424.0 335.0 300.0 143.0 319.0 283.0 294.0 368.0 555.0 372.0 419.0 412.0 244.0 215.0 438.0 380.0 112.0 706.0 163.0 314.0 324.0 253.0 322.0 648.0 534.0 331.0 394.0 354.0 240.0 232.0 553.0 644.0 314.0 611.0 528.0 246.0 266.0 234.0 287.0 317.0 426.0 459.0 238.0 479.0 618.0 155.0 505.0 65.0 366.0 364.0 572.0 419.0 329.0 300.0 268.0 354.0 701.0 495.0 175.0 465.0 307.0 384.0 378.0 370.0 552.0 684.0 213.0 167.0 57.0 366.0 342.0 319.0 484.0 585.0 220.0 233.0 448.0 290.0 492.0 235.0 121.0 243.0 629.0 427.0 97.0 441.0
566.0 508.0 397.0 347.0 331.0 171.0 467.0 345.0 485.0 0.0 522.0 502.0 874.0 679.0 609.0 482.0 663.0 791.0 844.0 704.0 515.0 762.0 527.0 437.0 883.0 305.0 330.0 571.0 539.0 552.0 823.0 556.0 981.0 337.0 70.0 182.0 166.0 438.0 354.0 392.0 559.0 633.0 820.0 650.0 607.0 677.0 248.0 270.0 703.0 645.0 575.0 971.0 402.0 286.0 196.0 518.0 248.0 913.0 636.0 433.0 496.0 147.0 306.0 428.0 818.0 794.0 189.0 876.0 793.0 333.0 262.0 421.0 250.0 518.0 715.0 561.0 362.0 633.0 883.0 335.0 712.0 439.0 266.0 125.0 797.0 690.0 558.0 546.0 218.0 275.0 966.0 597.0 458.0 672.0 417.0 340.0 488.0 635.0 100.0 949.0 329.0 318.0 455.0 125.0 450.0 182.0 749.0 850.0 483.0 268.0 404.0 210.0 757.0 255.0 540.0 344.0 854.0 692.0 416.0 543.0
552.0 80.0 127.0 259.0 234.0 365.0 249.0 372.0 61.0 522.0 0.0 386.0 354.0 433.0 595.0 468.0 459.0 587.0 640.0 500.0 141.0 643.0 72.0 465.0 679.0 301.0 167.0 557.0 525.0 538.0 723.0 542.0 777.0 299.0 461.0 372.0 348.0 204.0 351.0 368.0 355.0 429.0 616.0 446.0 480.0 473.0 332.0 254.0 499.0 441.0 55.0 767.0 157.0 402.0 324.0 314.0 331.0 709.0 622.0 419.0 482.0 363.0 272.0 226.0 614.0 705.0 362.0 672.0 589.0 334.0 354.0 295.0 296.0 378.0 487.0 547.0 232.0 480.0 679.0 164.0 566.0 85.0 375.0 410.0 633.0 480.0 390.0 249.0 305.0 442.0 762.0 583.0 147.0 526.0 301.0 472.0 372.0 431.0 589.0 745.0 223.0 206.0 118.0 403.0 430.0 328.0 545.0 646.0 188.0 272.0 536.0 358.0 553.0 174.0 60.0 331.0 690.0 488.0 185.0 529.0
802.0 316.0 336.0 509.0 222.0 470.0 588.0 584.0 392.0 502.0 386.0 0.0 738.0 915.0 845.0 718.0 892.0 1020.0 1073.0 933.0 233.0 998.0 438.0 715.0 1112.0 544.0 254.0 807.0 775.0 788.0 1059.0 792.0 1210.0 549.0 566.0 477.0 331.0 543.0 202.0 621.0 788.0 862.0 1049.0 879.0 843.0 906.0 487.0 431.0 932.0 874.0 439.0 1200.0 235.0 531.0 441.0 747.0 254.0 1142.0 872.0 669.0 732.0 357.0 210.0 187.0 1047.0 1030.0 313.0 1105.0 1022.0 572.0 501.0 650.0 266.0 747.0 951.0 797.0 154.0 869.0 1112.0 282.0 948.0 321.0 298.0 506.0 1033.0 926.0 787.0 168.0 410.0 520.0 1195.0 833.0 249.0 908.0 95.0 585.0 23.0 864.0 407.0 1178.0 351.0 369.0 437.0 447.0 680.0 379.0 978.0 1079.0 190.0 374.0 649.0 378.0 986.0 293.0 314.0 583.0 1090.0 921.0 435.0 779.0
633.0 432.0 479.0 552.0 586.0 723.0 417.0 621.0 411.0 874.0 354.0 738.0 0.0 390.0 572.0 661.0 227.0 524.0 413.0 274.0 492.0 444.0 380.0 659.0 407.0 582.0 521.0 488.0 572.0 543.0 524.0 530.0 446.0 555.0 819.0 767.0 700.0 458.0 679.0 502.0 340.0 256.0 289.0 359.0 462.0 282.0 638.0 606.0 188.0 273.0 313.0 444.0 509.0 675.0 686.0 378.0 693.0 370.0 599.0 612.0 567.0 715.0 640.0 578.0 245.0 506.0 714.0 311.0 261.0 583.0 631.0 497.0 672.0 474.0 352.0 595.0 584.0 466.0 348.0 516.0 506.0 437.0 755.0 759.0 434.0 420.0 422.0 616.0 710.0 715.0 407.0 504.0 499.0 466.0 653.0 745.0 724.0 253.0 941.0 414.0 575.0 558.0 468.0 755.0 573.0 680.0 346.0 336.0 540.0 624.0 749.0 679.0 300.0 596.0 411.0 581.0 491.0 220.0 537.0 518.0
257.0 641.0 541.0 407.0 706.0 522.0 184.0 391.0 372.0 679.0 433.0 915.0 390.0 0.0 196.0 228.0 169.0 151.0 257.0 146.0 723.0 125.0 359.0 345.0 296.0 382.0 638.0 112.0 196.0 167.0 238.0 154.0 423.0 372.0 618.0 566.0 740.0 229.0 823.0 209.0 146.0 206.0 262.0 69.0 86.0 110.0 437.0 501.0 204.0 117.0 448.0 413.0 686.0 451.0 485.0 119.0 723.0 355.0 223.0 298.0 191.0 719.0 744.0 755.0 260.0 209.0 754.0 318.0 235.0 360.0 430.0 180.0 688.0 83.0 50.0 219.0 761.0 74.0 325.0 610.0 139.0 588.0 767.0 558.0 160.0 53.0 43.0 823.0 509.0 491.0 408.0 128.0 698.0 99.0 830.0 472.0 901.0 183.0 709.0 391.0 620.0 576.0 315.0 642.0 228.0 642.0 191.0 292.0 743.0 559.0 435.0 584.0 199.0 636.0 679.0 348.0 217.0 192.0 482.0 142.0
187.0 577.0 477.0 337.0 636.0 452.0 375.0 321.0 507.0 609.0 595.0 845.0 572.0 196.0 0.0 158.0 351.0 270.0 342.0 328.0 653.0 185.0 553.0 275.0 381.0 312.0 568.0 96.0 88.0 59.0 238.0 63.0 605.0 302.0 548.0 496.0 670.0 382.0 753.0 286.0 322.0 388.0 444.0 261.0 124.0 292.0 367.0 431.0 386.0 299.0 648.0 595.0 616.0 381.0 415.0 276.0 653.0 537.0 49.0 228.0 121.0 649.0 674.0 685.0 442.0 209.0 684.0 500.0 417.0 290.0 360.0 315.0 618.0 172.0 232.0 92.0 691.0 81.0 507.0 540.0 98.0 518.0 697.0 488.0 245.0 138.0 200.0 753.0 439.0 421.0 590.0 76.0 628.0 89.0 760.0 402.0 831.0 365.0 639.0 573.0 550.0 506.0 451.0 572.0 235.0 572.0 373.0 474.0 673.0 489.0 365.0 514.0 381.0 566.0 609.0 278.0 302.0 374.0 412.0 99.0
91.0 450.0 357.0 210.0 509.0 325.0 248.0 141.0 380.0 482.0 468.0 718.0 661.0 228.0 158.0 0.0 383.0 371.0 443.0 360.0 526.0 311.0 426.0 98.0 482.0 185.0 441.0 120.0 77.0 101.0 372.0 105.0 637.0 175.0 421.0 369.0 504.0 250.0 626.0 159.0 306.0 420.0 476.0 293.0 156.0 324.0 240.0 304.0 418.0 331.0 520.0 627.0 489.0 201.0 288.0 260.0 526.0 569.0 185.0 63.0 27.0 522.0 547.0 558.0 474.0 343.0 557.0 532.0 449.0 163.0 233.0 188.0 491.0 149.0 264.0 82.0 564.0 182.0 539.0 413.0 261.0 391.0 570.0 361.0 346.0 239.0 232.0 626.0 312.0 241.0 622.0 146.0 501.0 221.0 633.0 237.0 704.0 397.0 512.0 605.0 423.0 379.0 325.0 445.0 108.0 445.0 405.0 506.0 546.0 362.0 150.0 387.0 413.0 439.0 482.0 151.0 403.0 406.0 286.0 84.0
412.0 624.0 531.0 384.0 690.0 506.0 210.0 408.0 398.0 663.0 459.0 892.0 227.0 169.0 351.0 383.0 0.0 167.0 220.0 53.0 700.0 223.0 385.0 500.0 259.0 365.0 615.0 267.0 351.0 322.0 303.0 309.0 357.0 338.0 602.0 550.0 724.0 255.0 807.0 285.0 112.0 45.0 196.0 94.0 241.0 61.0 421.0 485.0 36.0 46.0 474.0 347.0 663.0 458.0 469.0 150.0 707.0 289.0 378.0 453.0 346.0 703.0 728.0 732.0 141.0 285.0 738.0 252.0 116.0 366.0 414.0 280.0 672.0 253.0 131.0 374.0 738.0 243.0 259.0 587.0 285.0 565.0 751.0 542.0 213.0 199.0 211.0 800.0 493.0 498.0 342.0 283.0 675.0 245.0 807.0 528.0 818.0 27.0 693.0 325.0 604.0 553.0 341.0 626.0 383.0 626.0 125.0 226.0 720.0 543.0 590.0 568.0 81.0 620.0 656.0 364.0 270.0 29.0 459.0 297.0
400.0 752.0 659.0 512.0 818.0 634.0 338.0 536.0 526.0 791.0 587.0 1020.0 524.0 151.0 270.0 371.0 167.0 0.0 57.0 112.0 828.0 67.0 513.0 488.0 96.0 493.0 743.0 255.0 339.0 310.0 138.0 297.0 280.0 466.0 730.0 678.0 852.0 350.0 935.0 413.0 240.0 204.0 119.0 142.0 226.0 125.0 549.0 613.0 202.0 150.0 602.0 270.0 791.0 586.0 597.0 278.0 835.0 212.0 319.0 441.0 334.0 831.0 856.0 860.0 151.0 120.0 866.0 175.0 132.0 494.0 542.0 408.0 800.0 235.0 101.0 362.0 866.0 189.0 182.0 715.0 155.0 693.0 879.0 670.0 48.0 132.0 183.0 928.0 621.0 626.0 265.0 271.0 803.0 178.0 935.0 656.0 1006.0 181.0 821.0 248.0 732.0 681.0 469.0 754.0 371.0 754.0 82.0 94.0 848.0 671.0 578.0 696.0 137.0 748.0 784.0 492.0 105.0 190.0 587.0 285.0
472.0 805.0 712.0 565.0 871.0 687.0 391.0 589.0 579.0 844.0 640.0 1073.0 413.0 257.0 342.0 443.0 220.0 57.0 0.0 165.0 881.0 139.0 566.0 560.0 39.0 546.0 796.0 327.0 411.0 382.0 126.0 369.0 217.0 519.0 783.0 731.0 905.0 436.0 988.0 466.0 293.0 257.0 136.0 224.0 298.0 178.0 602.0 666.0 255.0 203.0 655.0 200.0 844.0 639.0 650.0 331.0 888.0 197.0 391.0 513.0 406.0 884.0 909.0 913.0 168.0 108.0 919.0 192.0 149.0 547.0 595.0 461.0 853.0 339.0 174.0 434.0 919.0 261.0 150.0 768.0 227.0 746.0 932.0 723.0 59.0 204.0 294.0 981.0 674.0 679.0 282.0 343.0 856.0 250.0 988.0 709.0 1059.0 234.0 874.0 185.0 785.0 734.0 522.0 807.0 443.0 807.0 142.0 76.0 901.0 724.0 650.0 749.0 184.0 801.0 837.0 545.0 69.0 243.0 640.0 357.0
389.0 665.0 572.0 425.0 731.0 547.0 251.0 449.0 439.0 704.0 500.0 933.0 274.0 146.0 328.0 360.0 53.0 112.0 165.0 0.0 741.0 168.0 426.0 477.0 204.0 406.0 656.0 244.0 328.0 299.0 248.0 286.0 279.0 379.0 643.0 591.0 765.0 296.0 848.0 326.0 153.0 101.0 118.0 84.0 218.0 38.0 462.0 526.0 88.0 63.0 515.0 269.0 704.0 499.0 510.0 191.0 748.0 211.0 355.0 430.0 323.0 744.0 769.0 773.0 116.0 230.0 779.0 174.0 91.0 407.0 455.0 321.0 713.0 230.0 108.0 351.0 779.0 220.0 181.0 628.0 229.0 606.0 792.0 583.0 158.0 202.0 178.0 841.0 534.0 539.0 264.0 260.0 716.0 220.0 848.0 569.0 919.0 82.0 734.0 247.0 645.0 594.0 382.0 667.0 360.0 667.0 47.0 129.0 761.0 584.0 567.0 609.0 53.0 661.0 697.0 405.0 215.0 64.0 500.0 274.0
610.0 76.0 183.0 317.0 192.0 442.0 396.0 430.0 202.0 515.0 141.0 233.0 492.0 723.0 653.0 526.0 700.0 828.0 881.0 741.0 0.0 806.0 213.0 523.0 920.0 359.0 188.0 615.0 583.0 596.0 867.0 600.0 1018.0 357.0 538.0 449.0 360.0 351.0 272.0 429.0 596.0 670.0 857.0 687.0 651.0 714.0 390.0 310.0 740.0 682.0 193.0 1008.0 131.0 460.0 413.0 555.0 302.0 950.0 680.0 477.0 540.0 375.0 233.0 98.0 855.0 838.0 344.0 913.0 830.0 392.0 412.0 458.0 289.0 555.0 759.0 605.0 177.0 677.0 920.0 216.0 756.0 141.0 346.0 478.0 841.0 734.0 595.0 108.0 382.0 500.0 1003.0 641.0 57.0 716.0 190.0 530.0 203.0 672.0 421.0 986.0 275.0 262.0 245.0 420.0 488.0 344.0 786.0 887.0 43.0 346.0 594.0 350.0 794.0 265.0 81.0 389.0 898.0 729.0 243.0 587.0
340.0 730.0 630.0 490.0 789.0 605.0 394.0 474.0 582.0 762.0 643.0 998.0 444.0 125.0 185.0 311.0 223.0 67.0 139.0 168.0 806.0 0.0 569.0 428.0 178.0 465.0 721.0 195.0 279.0 250.0 101.0 237.0 336.0 455.0 701.0 649.0 823.0 439.0 906.0 439.0 296.0 260.0 175.0 146.0 166.0 181.0 520.0 584.0 258.0 206.0 658.0 326.0 769.0 534.0 568.0 334.0 806.0 268.0 234.0 381.0 274.0 802.0 827.0 838.0 207.0 72.0 837.0 231.0 188.0 443.0 513.0 464.0 771.0 228.0 105.0 302.0 844.0 129.0 238.0 693.0 88.0 671.0 850.0 641.0 42.0 72.0 162.0 906.0 592.0 574.0 321.0 211.0 781.0 96.0 913.0 555.0 984.0 237.0 792.0 304.0 703.0 659.0 525.0 725.0 311.0 725.0 145.0 154.0 826.0 642.0 518.0 667.0 209.0 719.0 762.0 431.0 99.0 246.0 555.0 225.0
510.0 152.0 134.0 217.0 248.0 370.0 175.0 330.0 46.0 527.0 72.0 438.0 380.0 359.0 553.0 426.0 385.0 513.0 566.0 426.0 213.0 569.0 0.0 423.0 605.0 259.0 206.0 515.0 483.0 496.0 649.0 500.0 703.0 257.0 466.0 377.0 346.0 130.0 365.0 226.0 281.0 355.0 542.0 372.0 406.0 399.0 290.0 232.0 425.0 367.0 89.0 693.0 209.0 360.0 370.0 240.0 368.0 635.0 580.0 377.0 440.0 400.0 286.0 278.0 540.0 631.0 360.0 598.0 515.0 292.0 312.0 221.0 333.0 304.0 413.0 505.0 284.0 406.0 605.0 201.0 492.0 111.0 412.0 406.0 559.0 406.0 316.0 321.0 310.0 400.0 688.0 541.0 221.0 452.0 353.0 430.0 424.0 357.0 460.0 671.0 259.0 213.0 72.0 408.0 388.0 365.0 471.0 572.0 266.0 279.0 494.0 332.0 479.0 281.0 132.0 289.0 616.0 414.0 111.0 487.0
153.0 447.0 354.0 207.0 470.0 280.0 246.0 113.0 377.0 437.0 465.0 715.0 659.0 345.0 275.0 98.0 500.0 488.0 560.0 477.0 523.0 428.0 423.0 0.0 599.0 170.0 438.0 237.0 205.0 218.0 489.0 222.0 754.0 172.0 376.0 324.0 504.0 248.0 587.0 157.0 338.0 537.0 593.0 410.0 273.0 441.0 238.0 302.0 535.0 448.0 517.0 744.0 486.0 151.0 241.0 297.0 487.0 686.0 302.0 47.0 162.0 483.0 508.0 555.0 591.0 460.0 518.0 649.0 566.0 133.0 213.0 186.0 452.0 263.0 381.0 227.0 561.0 299.0 656.0 410.0 378.0 388.0 531.0 316.0 463.0 356.0 342.0 623.0 273.0 191.0 739.0 263.0 498.0 338.0 631.0 167.0 701.0 514.0 467.0 722.0 384.0 376.0 322.0 400.0 167.0 406.0 522.0 623.0 543.0 323.0 90.0 348.0 530.0 400.0 479.0 137.0 520.0 523.0 283.0 209.0
511.0 844.0 751.0 604.0 910.0 726.0 430.0 628.0 618.0 883.0 679.0 1112.0 407.0 296.0 381.0 482.0 259.0 96.0 39.0 204.0 920.0 178.0 605.0 599.0 0.0 585.0 835.0 366.0 450.0 412.0 165.0 408.0 194.0 558.0 822.0 770.0 944.0 475.0 1027.0 505.0 332.0 296.0 129.0 263.0 337.0 217.0 641.0 705.0 294.0 242.0 694.0 177.0 883.0 678.0 689.0 370.0 927.0 157.0 430.0 552.0 445.0 923.0 948.0 952.0 162.0 147.0 958.0 186.0 159.0 586.0 634.0 500.0 892.0 378.0 213.0 473.0 958.0 300.0 127.0 807.0 266.0 785.0 971.0 762.0 98.0 243.0 333.0 1020.0 713.0 718.0 276.0 382.0 895.0 289.0 1027.0 748.0 1098.0 273.0 913.0 162.0 824.0 773.0 561.0 846.0 482.0 846.0 145.0 75.0 940.0 763.0 689.0 788.0 194.0 840.0 876.0 584.0 108.0 282.0 679.0 396.0
269.0 283.0 190.0 42.0 332.0 148.0 169.0 63.0 213.0 305.0 301.0 544.0 582.0 382.0 312.0 185.0 365.0 493.0 546.0 406.0 359.0 465.0 259.0 170.0 585.0 0.0 274.0 274.0 242.0 255.0 526.0 259.0 683.0 27.0 244.0 192.0 366.0 136.0 449.0 94.0 261.0 335.0 522.0 352.0 310.0 379.0 64.0 128.0 405.0 347.0 354.0 673.0 322.0 101.0 111.0 220.0 349.0 615.0 339.0 136.0 199.0 345.0 370.0 391.0 520.0 497.0 380.0 578.0 495.0 37.0 53.0 123.0 314.0 220.0 418.0 264.0 390.0 336.0 585.0 246.0 415.0 224.0 393.0 184.0 500.0 393.0 260.0 459.0 135.0 141.0 668.0 300.0 334.0 375.0 459.0 171.0 530.0 337.0 335.0 651.0 202.0 176.0 158.0 268.0 153.0 268.0 451.0 552.0 379.0 185.0 235.0 210.0 459.0 262.0 315.0 48.0 557.0 394.0 119.0 246.0
525.0 157.0 95.0 232.0 42.0 257.0 316.0 355.0 160.0 330.0 167.0 254.0 521.0 638.0 568.0 441.0 615.0 743.0 796.0 656.0 188.0 721.0 206.0 438.0 835.0 274.0 0.0 530.0 498.0 511.0 782.0 515.0 933.0 272.0 353.0 264.0 179.0 271.0 159.0 344.0 511.0 585.0 772.0 602.0 566.0 629.0 227.0 163.0 655.0 597.0 220.0 923.0 57.0 318.0 228.0 470.0 149.0 865.0 595.0 392.0 455.0 194.0 80.0 132.0 770.0 753.0 193.0 828.0 745.0 307.0 248.0 373.0 127.0 470.0 674.0 520.0 100.0 592.0 835.0 28.0 671.0 95.0 193.0 293.0 756.0 649.0 510.0 241.0 197.0 307.0 918.0 556.0 131.0 631.0 169.0 372.0 240.0 587.0 236.0 901.0 87.0 115.0 200.0 235.0 403.0 159.0 701.0 802.0 161.0 161.0 436.0 165.0 709.0 75.0 189.0 304.0 813.0 644.0 163.0 502.0
150.0 539.0 446.0 299.0 598.0 414.0 279.0 283.0 469.0 571.0 557.0 807.0 488.0 112.0 96.0 120.0 267.0 255.0 327.0 244.0 615.0 195.0 515.0 237.0 366.0 274.0 530.0 0.0 63.0 56.0 256.0 34.0 521.0 264.0 509.0 458.0 632.0 286.0 715.0 190.0 220.0 304.0 360.0 177.0 40.0 208.0 329.0 393.0 302.0 215.0 610.0 511.0 578.0 343.0 377.0 174.0 615.0 453.0 123.0 190.0 83.0 611.0 636.0 647.0 358.0 227.0 646.0 416.0 333.0 252.0 397.0 193.0 580.0 79.0 148.0 119.0 653.0 105.0 423.0 502.0 144.0 480.0 659.0 450.0 230.0 123.0 98.0 715.0 401.0 383.0 506.0 32.0 590.0 105.0 722.0 364.0 793.0 281.0 601.0 489.0 512.0 468.0 413.0 534.0 119.0 534.0 289.0 390.0 635.0 451.0 402.0 476.0 297.0 528.0 571.0 240.0 287.0 290.0 375.0 35.0
80.0 507.0 414.0 267.0 566.0 382.0 305.0 251.0 437.0 539.0 525.0 775.0 572.0 196.0 88.0 77.0 351.0 339.0 411.0 328.0 583.0 279.0 483.0 205.0 450.0 242.0 498.0 63.0 0.0 25.0 340.0 29.0 605.0 232.0 478.0 426.0 600.0 312.0 683.0 216.0 322.0 388.0 444.0 261.0 124.0 292.0 297.0 361.0 386.0 299.0 577.0 595.0 546.0 311.0 345.0 276.0 583.0 537.0 115.0 158.0 47.0 579.0 604.0 615.0 442.0 311.0 614.0 500.0 417.0 220.0 290.0 245.0 548.0 139.0 232.0 31.0 621.0 150.0 507.0 470.0 176.0 448.0 627.0 418.0 314.0 207.0 200.0 683.0 369.0 351.0 590.0 76.0 558.0 189.0 690.0 332.0 761.0 365.0 569.0 573.0 480.0 436.0 382.0 502.0 165.0 502.0 373.0 474.0 603.0 419.0 295.0 444.0 381.0 496.0 539.0 208.0 371.0 374.0 343.0 29.0
130.0 520.0 427.0 280.0 579.0 395.0 318.0 264.0 450.0 552.0 538.0 788.0 543.0 167.0 59.0 101.0 322.0 310.0 382.0 299.0 596.0 250.0 496.0 218.0 412.0 255.0 511.0 56.0 25.0 0.0 311.0 22.0 576.0 245.0 491.0 439.0 613.0 325.0 696.0 229.0 293.0 359.0 415.0 232.0 95.0 263.0 310.0 374.0 357.0 270.0 591.0 566.0 559.0 324.0 358.0 247.0 596.0 508.0 86.0 171.0 64.0 592.0 617.0 628.0 413.0 282.0 627.0 471.0 388.0 233.0 378.0 258.0 561.0 134.0 203.0 43.0 634.0 121.0 478.0 483.0 164.0 461.0 640.0 431.0 285.0 178.0 171.0 696.0 382.0 364.0 561.0 47.0 571.0 160.0 703.0 345.0 774.0 336.0 582.0 544.0 493.0 449.0 394.0 515.0 178.0 515.0 344.0 445.0 616.0 432.0 383.0 457.0 352.0 509.0 552.0 221.0 342.0 345.0 356.0 42.0
401.0 791.0 691.0 551.0 850.0 666.0 474.0 535.0 662.0 823.0 723.0 1059.0 524.0 238.0 238.0 372.0 303.0 138.0 126.0 248.0 867.0 101.0 649.0 489.0 165.0 526.0 782.0 256.0 340.0 311.0 0.0 298.0 416.0 516.0 762.0 710.0 884.0 519.0 967.0 500.0 376.0 340.0 255.0 247.0 227.0 261.0 581.0 645.0 338.0 286.0 738.0 406.0 830.0 595.0 629.0 414.0 867.0 348.0 287.0 442.0 335.0 863.0 888.0 899.0 287.0 29.0 898.0 311.0 268.0 504.0 574.0 544.0 832.0 289.0 206.0 363.0 905.0 190.0 318.0 754.0 140.0 732.0 911.0 702.0 90.0 185.0 275.0 967.0 653.0 635.0 401.0 272.0 842.0 151.0 974.0 616.0 1045.0 317.0 853.0 384.0 764.0 720.0 605.0 786.0 372.0 786.0 225.0 202.0 887.0 703.0 579.0 728.0 285.0 780.0 823.0 492.0 77.0 326.0 626.0 286.0
134.0 524.0 431.0 284.0 583.0 399.0 314.0 268.0 454.0 556.0 542.0 792.0 530.0 154.0 63.0 105.0 309.0 297.0 369.0 286.0 600.0 237.0 500.0 222.0 408.0 259.0 515.0 34.0 29.0 22.0 298.0 0.0 563.0 249.0 494.0 443.0 617.0 321.0 700.0 225.0 253.0 346.0 402.0 219.0 82.0 250.0 314.0 378.0 344.0 257.0 595.0 553.0 563.0 328.0 362.0 207.0 600.0 495.0 90.0 175.0 68.0 596.0 621.0 632.0 400.0 269.0 631.0 458.0 375.0 237.0 382.0 228.0 565.0 112.0 190.0 58.0 638.0 108.0 465.0 487.0 136.0 465.0 644.0 435.0 272.0 165.0 131.0 700.0 386.0 368.0 548.0 30.0 575.0 147.0 707.0 349.0 778.0 323.0 586.0 531.0 497.0 453.0 398.0 519.0 154.0 519.0 331.0 432.0 620.0 436.0 387.0 461.0 339.0 513.0 556.0 225.0 329.0 332.0 360.0 36.0
666.0 942.0 849.0 702.0 1008.0 824.0 528.0 726.0 716.0 981.0 777.0 1210.0 446.0 423.0 605.0 637.0 357.0 280.0 217.0 279.0 1018.0 336.0 703.0 754.0 194.0 683.0 933.0 521.0 605.0 576.0 416.0 563.0 0.0 656.0 920.0 868.0 1042.0 573.0 1125.0 603.0 430.0 394.0 161.0 361.0 495.0 315.0 739.0 803.0 392.0 340.0 792.0 42.0 981.0 776.0 787.0 468.0 1025.0 84.0 632.0 707.0 600.0 1021.0 1046.0 1050.0 201.0 398.0 1056.0 154.0 226.0 684.0 732.0 598.0 990.0 507.0 385.0 628.0 1056.0 497.0 98.0 905.0 424.0 883.0 1069.0 860.0 326.0 401.0 455.0 1118.0 811.0 816.0 174.0 537.0 993.0 447.0 1125.0 846.0 1196.0 371.0 1011.0 32.0 922.0 871.0 659.0 944.0 637.0 944.0 238.0 175.0 1038.0 861.0 844.0 886.0 261.0 938.0 974.0 682.0 383.0 380.0 777.0 551.0
259.0 281.0 188.0 40.0 364.0 180.0 142.0 72.0 211.0 337.0 299.0 549.0 555.0 372.0 302.0 175.0 338.0 466.0 519.0 379.0 357.0 455.0 257.0 172.0 558.0 27.0 272.0 264.0 232.0 245.0 516.0 249.0 656.0 0.0 276.0 224.0 398.0 102.0 481.0 67.0 234.0 308.0 495.0 325.0 300.0 352.0 95.0 159.0 378.0 320.0 352.0 646.0 320.0 132.0 143.0 193.0 381.0 588.0 329.0 126.0 189.0 377.0 402.0 389.0 493.0 487.0 412.0 551.0 468.0 34.0 88.0 96.0 346.0 193.0 408.0 254.0 395.0 326.0 558.0 244.0 405.0 222.0 425.0 216.0 490.0 383.0 233.0 457.0 167.0 172.0 641.0 290.0 332.0 365.0 464.0 202.0 535.0 310.0 367.0 624.0 278.0 210.0 155.0 300.0 126.0 300.0 424.0 525.0 877.0 217.0 189.0 242.0 432.0 294.0 313.0 32.0 547.0 367.0 116.0 236.0
505.0 447.0 336.0 286.0 354.0 110.0 406.0 284.0 424.0 70.0 461.0 566.0 819.0 618.0 548.0 421.0 602.0 730.0 783.0 643.0 538.0 701.0 466.0 376.0 822.0 244.0 353.0 509.0 478.0 491.0 762.0 494.0 920.0 276.0 0.0 95.0 162.0 377.0 345.0 331.0 498.0 572.0 759.0 589.0 546.0 616.0 187.0 209.0 642.0 584.0 514.0 910.0 425.0 225.0 135.0 457.0 239.0 852.0 575.0 372.0 435.0 139.0 293.0 465.0 757.0 733.0 185.0 815.0 732.0 272.0 201.0 360.0 237.0 457.0 654.0 500.0 412.0 572.0 822.0 353.0 651.0 378.0 262.0 64.0 736.0 629.0 497.0 583.0 157.0 214.0 905.0 536.0 481.0 611.0 481.0 279.0 552.0 574.0 91.0 888.0 268.0 257.0 394.0 80.0 389.0 137.0 688.0 789.0 520.0 207.0 343.0 156.0 696.0 284.0 479.0 283.0 793.0 631.0 355.0 482.0
453.0 358.0 247.0 234.0 265.0 59.0 354.0 232.0 335.0 182.0 372.0 477.0 767.0 566.0 496.0 369.0 550.0 678.0 731.0 591.0 449.0 649.0 377.0 324.0 770.0 192.0 264.0 458.0 426.0 439.0 710.0 443.0 868.0 224.0 95.0 0.0 177.0 325.0 337.0 279.0 446.0 520.0 707.0 537.0 494.0 564.0 135.0 120.0 590.0 532.0 425.0 858.0 336.0 173.0 83.0 405.0 231.0 800.0 523.0 320.0 383.0 154.0 261.0 376.0 705.0 681.0 200.0 763.0 680.0 220.0 149.0 308.0 205.0 405.0 602.0 448.0 323.0 520.0 770.0 264.0 599.0 289.0 254.0 57.0 684.0 577.0 445.0 494.0 67.0 162.0 853.0 484.0 392.0 559.0 392.0 227.0 463.0 522.0 117.0 836.0 141.0 168.0 305.0 68.0 337.0 106.0 636.0 737.0 431.0 141.0 291.0 61.0 644.0 195.0 390.0 231.0 741.0 579.0 266.0 430.0
627.0 334.0 251.0 408.0 168.0 239.0 528.0 406.0 300.0 166.0 348.0 331.0 700.0 740.0 670.0 504.0 724.0 852.0 905.0 765.0 360.0 823.0 346.0 504.0 944.0 366.0 179.0 632.0 600.0 613.0 884.0 617.0 1042.0 398.0 162.0 177.0 0.0 425.0 183.0 453.0 620.0 694.0 881.0 711.0 668.0 738.0 309.0 219.0 764.0 706.0 401.0 1032.0 236.0 353.0 263.0 579.0 77.0 974.0 697.0 494.0 557.0 22.0 138.0 260.0 879.0 855.0 23.0 937.0 854.0 394.0 323.0 482.0 82.0 579.0 776.0 622.0 194.0 694.0 944.0 184.0 773.0 272.0 100.0 193.0 858.0 751.0 619.0 378.0 215.0 342.0 1027.0 658.0 303.0 733.0 246.0 407.0 317.0 696.0 72.0 1010.0 173.0 219.0 344.0 112.0 511.0 75.0 810.0 911.0 315.0 162.0 471.0 135.0 818.0 104.0 366.0 405.0 915.0 753.0 305.0 604.0
339.0 275.0 187.0 94.0 313.0 281.0 45.0 184.0 143.0 438.0 204.0 543.0 458.0 229.0 382.0 250.0 255.0 350.0 436.0 296.0 351.0 439.0 130.0 248.0 475.0 136.0 271.0 286.0 312.0 325.0 519.0 321.0 573.0 102.0 377.0 325.0 425.0 0.0 430.0 96.0 151.0 225.0 412.0 242.0 276.0 269.0 196.0 229.0 295.0 237.0 219.0 563.0 314.0 233.0 244.0 110.0 408.0 505.0 409.0 201.0 269.0 447.0 351.0 383.0 410.0 501.0 439.0 468.0 385.0 146.0 189.0 91.0 373.0 174.0 283.0 334.0 389.0 276.0 475.0 243.0 362.0 216.0 452.0 317.0 429.0 276.0 186.0 451.0 268.0 273.0 558.0 318.0 326.0 322.0 458.0 303.0 529.0 227.0 468.0 541.0 252.0 206.0 86.0 401.0 162.0 370.0 341.0 442.0 371.0 272.0 295.0 311.0 349.0 321.0 307.0 144.0 486.0 284.0 108.0 316.0
710.0 283.0 254.0 491.0 117.0 375.0 611.0 489.0 319.0 354.0 351.0 202.0 679.0 823.0 753.0 626.0 807.0 935.0 988.0 848.0 272.0 906.0 365.0 587.0 1027.0 449.0 159.0 715.0 683.0 696.0 967.0 700.0 1125.0 481.0 345.0 337.0 183.0 430.0 0.0 536.0 703.0 777.0 964.0 794.0 751.0 821.0 392.0 336.0 847.0 789.0 404.0 1115.0 176.0 436.0 346.0 662.0 106.0 1057.0 780.0 577.0 640.0 209.0 79.0 161.0 962.0 938.0 165.0 1020.0 937.0 477.0 406.0 565.0 141.0 662.0 859.0 705.0 95.0 777.0 1027.0 187.0 856.0 254.0 103.0 411.0 941.0 834.0 702.0 279.0 315.0 425.0 1110.0 741.0 215.0 816.0 117.0 490.0 188.0 779.0 259.0 1093.0 256.0 274.0 359.0 299.0 594.0 231.0 893.0 994.0 216.0 279.0 554.0 276.0 901.0 193.0 308.0 488.0 998.0 836.0 322.0 687.0
243.0 353.0 260.0 113.0 419.0 235.0 89.0 133.0 283.0 392.0 368.0 621.0 502.0 209.0 286.0 159.0 285.0 413.0 466.0 326.0 429.0 439.0 226.0 157.0 505.0 94.0 344.0 190.0 216.0 229.0 500.0 225.0 603.0 67.0 331.0 279.0 453.0 96.0 536.0 0.0 181.0 255.0 442.0 272.0 207.0 299.0 150.0 214.0 325.0 267.0 421.0 593.0 392.0 187.0 198.0 140.0 436.0 535.0 313.0 110.0 173.0 432.0 457.0 461.0 440.0 471.0 467.0 498.0 415.0 95.0 143.0 29.0 401.0 126.0 248.0 238.0 467.0 310.0 505.0 316.0 389.0 294.0 480.0 271.0 474.0 367.0 166.0 529.0 222.0 227.0 588.0 222.0 404.0 349.0 536.0 257.0 607.0 257.0 422.0 571.0 333.0 282.0 228.0 355.0 71.0 355.0 371.0 472.0 449.0 272.0 247.0 297.0 379.0 349.0 385.0 93.0 531.0 314.0 189.0 220.0
376.0 520.0 427.0 280.0 586.0 402.0 106.0 300.0 294.0 559.0 355.0 788.0 340.0 146.0 322.0 306.0 112.0 240.0 293.0 153.0 596.0 296.0 281.0 338.0 332.0 261.0 511.0 220.0 322.0 293.0 376.0 253.0 430.0 234.0 498.0 446.0 620.0 151.0 703.0 181.0 0.0 82.0 269.0 99.0 212.0 126.0 317.0 381.0 152.0 94.0 370.0 420.0 559.0 354.0 365.0 46.0 603.0 362.0 349.0 291.0 295.0 599.0 624.0 628.0 267.0 354.0 634.0 325.0 242.0 262.0 310.0 142.0 568.0 154.0 140.0 327.0 634.0 204.0 332.0 483.0 290.0 461.0 647.0 438.0 286.0 204.0 114.0 696.0 389.0 394.0 415.0 256.0 571.0 250.0 703.0 424.0 774.0 84.0 589.0 398.0 500.0 449.0 237.0 522.0 207.0 522.0 198.0 299.0 616.0 439.0 428.0 464.0 206.0 516.0 552.0 260.0 343.0 141.0 356.0 268.0
449.0 594.0 501.0 354.0 660.0 476.0 180.0 378.0 368.0 633.0 429.0 862.0 256.0 206.0 388.0 420.0 45.0 204.0 257.0 101.0 670.0 260.0 355.0 537.0 296.0 335.0 585.0 304.0 388.0 359.0 340.0 346.0 394.0 308.0 572.0 520.0 694.0 225.0 777.0 255.0 82.0 0.0 233.0 106.0 278.0 82.0 391.0 455.0 68.0 58.0 444.0 384.0 633.0 428.0 439.0 120.0 677.0 326.0 415.0 490.0 383.0 673.0 698.0 702.0 231.0 322.0 708.0 289.0 206.0 336.0 384.0 250.0 642.0 290.0 168.0 411.0 708.0 280.0 296.0 557.0 322.0 535.0 721.0 512.0 250.0 236.0 248.0 770.0 463.0 468.0 379.0 320.0 645.0 282.0 777.0 498.0 848.0 19.0 663.0 362.0 574.0 523.0 311.0 596.0 420.0 596.0 162.0 263.0 690.0 513.0 627.0 538.0 126.0 590.0 626.0 334.0 307.0 78.0 429.0 334.0
505.0 781.0 688.0 541.0 847.0 663.0 367.0 565.0 555.0 820.0 616.0 1049.0 289.0 262.0 444.0 476.0 196.0 119.0 136.0 118.0 857.0 175.0 542.0 593.0 129.0 522.0 772.0 360.0 444.0 415.0 255.0 402.0 161.0 495.0 759.0 707.0 881.0 412.0 964.0 442.0 269.0 233.0 0.0 200.0 334.0 154.0 578.0 642.0 231.0 179.0 631.0 151.0 820.0 615.0 626.0 307.0 864.0 93.0 471.0 546.0 439.0 860.0 885.0 889.0 44.0 237.0 895.0 65.0 55.0 523.0 571.0 437.0 829.0 346.0 224.0 467.0 895.0 336.0 63.0 744.0 263.0 722.0 908.0 699.0 165.0 240.0 294.0 957.0 650.0 655.0 155.0 376.0 832.0 286.0 964.0 685.0 1035.0 210.0 850.0 129.0 761.0 710.0 498.0 783.0 476.0 783.0 77.0 58.0 877.0 700.0 683.0 725.0 90.0 777.0 813.0 521.0 222.0 219.0 616.0 390.0
322.0 611.0 518.0 371.0 677.0 493.0 197.0 395.0 372.0 650.0 446.0 879.0 359.0 69.0 261.0 293.0 94.0 142.0 224.0 84.0 687.0 146.0 372.0 410.0 263.0 352.0 602.0 177.0 261.0 232.0 247.0 219.0 361.0 325.0 589.0 537.0 711.0 242.0 794.0 272.0 99.0 106.0 200.0 0.0 151.0 46.0 408.0 472.0 130.0 48.0 461.0 351.0 650.0 445.0 456.0 126.0 694.0 293.0 288.0 363.0 256.0 690.0 715.0 719.0 198.0 218.0 725.0 256.0 173.0 353.0 401.0 267.0 659.0 136.0 41.0 284.0 725.0 143.0 263.0 574.0 195.0 552.0 738.0 529.0 169.0 109.0 67.0 787.0 480.0 485.0 346.0 193.0 662.0 155.0 794.0 515.0 865.0 83.0 680.0 329.0 591.0 540.0 328.0 613.0 232.0 613.0 129.0 230.0 707.0 530.0 500.0 555.0 137.0 607.0 643.0 351.0 226.0 123.0 446.0 207.0
185.0 575.0 482.0 335.0 634.0 450.0 231.0 319.0 419.0 607.0 480.0 843.0 462.0 86.0 124.0 156.0 241.0 226.0 298.0 218.0 651.0 166.0 406.0 273.0 337.0 310.0 566.0 40.0 124.0 95.0 227.0 82.0 495.0 300.0 546.0 494.0 668.0 276.0 751.0 207.0 212.0 278.0 334.0 151.0 0.0 182.0 365.0 429.0 276.0 189.0 495.0 485.0 614.0 379.0 413.0 166.0 651.0 427.0 151.0 226.0 119.0 647.0 672.0 683.0 332.0 198.0 682.0 390.0 307.0 288.0 358.0 159.0 616.0 621.0 122.0 147.0 689.0 37.0 397.0 538.0 116.0 516.0 695.0 486.0 201.0 86.0 90.0 751.0 437.0 419.0 480.0 56.0 626.0 76.0 758.0 400.0 829.0 255.0 637.0 463.0 548.0 504.0 362.0 570.0 136.0 570.0 263.0 364.0 671.0 487.0 363.0 512.0 271.0 564.0 607.0 276.0 258.0 264.0 411.0 70.0
353.0 638.0 545.0 398.0 704.0 520.0 224.0 422.0 412.0 677.0 473.0 906.0 282.0 110.0 292.0 324.0 61.0 125.0 178.0 38.0 714.0 181.0 399.0 441.0 217.0 379.0 629.0 208.0 292.0 263.0 261.0 250.0 315.0 352.0 616.0 564.0 738.0 269.0 821.0 299.0 126.0 82.0 154.0 46.0 182.0 0.0 435.0 499.0 96.0 31.0 488.0 305.0 677.0 472.0 483.0 164.0 721.0 247.0 319.0 396.0 287.0 717.0 742.0 746.0 152.0 243.0 752.0 210.0 127.0 380.0 428.0 294.0 686.0 194.0 72.0 315.0 752.0 184.0 217.0 601.0 226.0 579.0 765.0 556.0 171.0 140.0 142.0 814.0 507.0 512.0 300.0 224.0 689.0 186.0 821.0 542.0 892.0 67.0 707.0 283.0 618.0 567.0 355.0 640.0 324.0 640.0 83.0 184.0 734.0 557.0 531.0 582.0 91.0 634.0 670.0 378.0 228.0 84.0 473.0 238.0
324.0 314.0 191.0 106.0 275.0 91.0 225.0 104.0 244.0 248.0 332.0 487.0 638.0 437.0 367.0 240.0 421.0 549.0 602.0 462.0 390.0 520.0 290.0 238.0 641.0 64.0 227.0 329.0 297.0 310.0 581.0 314.0 739.0 95.0 187.0 135.0 309.0 196.0 392.0 150.0 317.0 391.0 578.0 408.0 365.0 435.0 0.0 64.0 461.0 403.0 385.0 729.0 353.0 83.0 54.0 276.0 292.0 671.0 394.0 191.0 254.0 288.0 313.0 422.0 576.0 552.0 323.0 634.0 551.0 92.0 21.0 179.0 257.0 276.0 473.0 319.0 333.0 391.0 641.0 199.0 470.0 255.0 336.0 127.0 555.0 448.0 316.0 490.0 78.0 114.0 724.0 355.0 365.0 430.0 402.0 157.0 473.0 393.0 278.0 707.0 138.0 112.0 188.0 211.0 209.0 211.0 507.0 608.0 410.0 128.0 221.0 153.0 515.0 205.0 346.0 103.0 612.0 450.0 149.0 301.0
388.0 234.0 127.0 124.0 219.0 113.0 289.0 168.0 215.0 270.0 254.0 431.0 606.0 501.0 431.0 304.0 485.0 613.0 666.0 526.0 310.0 584.0 232.0 302.0 705.0 128.0 163.0 393.0 361.0 374.0 645.0 378.0 803.0 159.0 209.0 120.0 219.0 229.0 336.0 214.0 381.0 455.0 642.0 472.0 429.0 499.0 64.0 0.0 525.0 467.0 307.0 793.0 220.0 147.0 72.0 340.0 236.0 735.0 458.0 255.0 378.0 232.0 257.0 330.0 640.0 616.0 233.0 698.0 615.0 156.0 85.0 243.0 201.0 340.0 537.0 383.0 277.0 455.0 705.0 135.0 534.0 169.0 280.0 149.0 619.0 512.0 380.0 448.0 53.0 151.0 788.0 419.0 261.0 494.0 346.0 221.0 417.0 457.0 221.0 771.0 74.0 48.0 160.0 169.0 273.0 155.0 571.0 672.0 306.0 50.0 285.0 93.0 579.0 149.0 266.0 167.0 676.0 514.0 121.0 365.0
447.0 664.0 571.0 424.0 730.0 546.0 250.0 448.0 438.0 703.0 499.0 932.0 188.0 204.0 386.0 418.0 36.0 202.0 255.0 88.0 740.0 258.0 425.0 535.0 294.0 405.0 655.0 302.0 386.0 357.0 338.0 344.0 392.0 378.0 642.0 590.0 764.0 295.0 847.0 325.0 152.0 68.0 231.0 130.0 276.0 96.0 461.0 525.0 0.0 82.0 514.0 382.0 603.0 498.0 509.0 190.0 747.0 324.0 413.0 488.0 381.0 743.0 768.0 772.0 174.0 320.0 778.0 287.0 149.0 406.0 454.0 320.0 712.0 288.0 166.0 409.0 778.0 278.0 294.0 627.0 320.0 605.0 791.0 582.0 248.0 234.0 246.0 840.0 533.0 538.0 377.0 318.0 715.0 280.0 847.0 568.0 918.0 65.0 733.0 360.0 644.0 593.0 381.0 666.0 418.0 666.0 160.0 261.0 760.0 583.0 625.0 608.0 111.0 660.0 696.0 404.0 305.0 34.0 499.0 332.0
360.0 606.0 513.0 366.0 672.0 488.0 192.0 390.0 380.0 645.0 441.0 874.0 273.0 117.0 299.0 331.0 46.0 150.0 203.0 63.0 682.0 206.0 367.0 448.0 242.0 347.0 597.0 215.0 299.0 270.0 286.0 257.0 340.0 320.0 584.0 532.0 706.0 237.0 789.0 267.0 94.0 58.0 179.0 48.0 189.0 31.0 403.0 467.0 82.0 0.0 456.0 330.0 645.0 440.0 451.0 132.0 689.0 272.0 326.0 401.0 294.0 685.0 710.0 714.0 177.0 268.0 720.0 235.0 152.0 348.0 396.0 262.0 654.0 201.0 89.0 322.0 720.0 191.0 242.0 569.0 243.0 547.0 733.0 524.0 196.0 157.0 159.0 782.0 475.0 480.0 325.0 231.0 657.0 203.0 789.0 510.0 860.0 35.0 675.0 308.0 586.0 535.0 323.0 608.0 331.0 608.0 108.0 209.0 702.0 525.0 538.0 550.0 116.0 602.0 638.0 346.0 253.0 75.0 441.0 245.0
605.0 133.0 180.0 312.0 287.0 418.0 264.0 425.0 112.0 575.0 55.0 439.0 313.0 448.0 648.0 520.0 474.0 602.0 655.0 515.0 193.0 658.0 89.0 517.0 694.0 354.0 220.0 610.0 577.0 591.0 738.0 595.0 792.0 352.0 514.0 425.0 401.0 219.0 404.0 421.0 370.0 444.0 631.0 461.0 495.0 488.0 385.0 307.0 514.0 456.0 0.0 782.0 210.0 455.0 377.0 329.0 384.0 724.0 675.0 471.0 534.0 416.0 325.0 279.0 629.0 720.0 415.0 687.0 604.0 387.0 407.0 310.0 349.0 393.0 502.0 600.0 285.0 495.0 694.0 217.0 581.0 138.0 428.0 454.0 648.0 495.0 405.0 310.0 358.0 495.0 777.0 636.0 200.0 541.0 354.0 525.0 425.0 446.0 642.0 760.0 276.0 259.0 169.0 456.0 482.0 381.0 560.0 661.0 241.0 325.0 589.0 380.0 568.0 297.0 112.0 384.0 705.0 503.0 238.0 581.0
656.0 932.0 839.0 692.0 998.0 814.0 518.0 716.0 706.0 971.0 767.0 1200.0 444.0 413.0 595.0 627.0 347.0 270.0 200.0 269.0 1008.0 326.0 693.0 744.0 177.0 673.0 923.0 511.0 595.0 566.0 406.0 553.0 42.0 646.0 910.0 858.0 1032.0 563.0 1115.0 593.0 420.0 384.0 151.0 351.0 485.0 305.0 729.0 793.0 382.0 330.0 782.0 0.0 971.0 766.0 777.0 458.0 1015.0 85.0 622.0 697.0 590.0 1011.0 1036.0 1040.0 199.0 388.0 1046.0 152.0 224.0 674.0 722.0 588.0 980.0 497.0 375.0 618.0 1046.0 487.0 96.0 895.0 414.0 873.0 1059.0 850.0 316.0 391.0 445.0 1108.0 801.0 806.0 173.0 527.0 983.0 437.0 1115.0 836.0 1186.0 361.0 1001.0 33.0 912.0 861.0 649.0 934.0 627.0 934.0 228.0 160.0 1028.0 851.0 834.0 876.0 259.0 928.0 964.0 672.0 373.0 370.0 767.0 541.0
573.0 113.0 101.0 280.0 79.0 329.0 359.0 403.0 163.0 402.0 157.0 235.0 509.0 686.0 616.0 489.0 663.0 791.0 844.0 704.0 131.0 769.0 209.0 486.0 883.0 322.0 57.0 578.0 546.0 559.0 830.0 563.0 981.0 320.0 425.0 336.0 236.0 314.0 176.0 392.0 559.0 633.0 820.0 650.0 614.0 677.0 353.0 220.0 603.0 645.0 210.0 971.0 0.0 375.0 300.0 518.0 186.0 913.0 643.0 440.0 503.0 262.0 117.0 75.0 818.0 801.0 231.0 876.0 793.0 355.0 375.0 421.0 165.0 518.0 722.0 568.0 81.0 640.0 883.0 85.0 719.0 92.0 230.0 365.0 804.0 697.0 558.0 184.0 269.0 364.0 966.0 604.0 74.0 679.0 150.0 429.0 221.0 635.0 308.0 949.0 144.0 172.0 208.0 307.0 451.0 231.0 749.0 850.0 104.0 233.0 493.0 237.0 757.0 147.0 158.0 352.0 861.0 692.0 206.0 550.0
293.0 384.0 274.0 143.0 319.0 129.0 262.0 60.0 314.0 286.0 402.0 531.0 675.0 451.0 381.0 201.0 458.0 586.0 639.0 499.0 460.0 534.0 360.0 151.0 678.0 101.0 318.0 343.0 311.0 324.0 595.0 328.0 776.0 132.0 225.0 173.0 353.0 233.0 436.0 187.0 354.0 428.0 615.0 445.0 379.0 472.0 83.0 147.0 498.0 440.0 455.0 766.0 375.0 0.0 90.0 313.0 336.0 708.0 408.0 138.0 268.0 332.0 357.0 430.0 613.0 566.0 367.0 671.0 588.0 83.0 62.0 216.0 301.0 313.0 487.0 333.0 377.0 405.0 678.0 292.0 484.0 325.0 380.0 165.0 569.0 462.0 353.0 560.0 122.0 40.0 761.0 369.0 435.0 444.0 446.0 70.0 517.0 430.0 316.0 744.0 233.0 195.0 259.0 249.0 246.0 255.0 544.0 645.0 480.0 172.0 134.0 197.0 552.0 249.0 416.0 95.0 626.0 487.0 220.0 315.0
372.0 283.0 199.0 153.0 229.0 39.0 273.0 151.0 324.0 196.0 324.0 441.0 686.0 485.0 415.0 288.0 469.0 597.0 650.0 510.0 413.0 568.0 370.0 241.0 689.0 111.0 228.0 377.0 345.0 358.0 629.0 362.0 787.0 143.0 135.0 83.0 263.0 244.0 346.0 198.0 365.0 439.0 626.0 456.0 413.0 483.0 54.0 72.0 509.0 451.0 377.0 777.0 300.0 90.0 0.0 324.0 246.0 719.0 442.0 239.0 302.0 242.0 267.0 340.0 624.0 600.0 277.0 682.0 599.0 139.0 68.0 227.0 211.0 324.0 521.0 367.0 287.0 439.0 689.0 228.0 518.0 241.0 290.0 75.0 603.0 496.0 364.0 458.0 32.0 79.0 772.0 403.0 356.0 478.0 356.0 144.0 427.0 441.0 212.0 755.0 143.0 120.0 269.0 225.0 256.0 165.0 555.0 656.0 395.0 82.0 208.0 107.0 563.0 159.0 342.0 150.0 660.0 498.0 230.0 349.0
330.0 479.0 386.0 239.0 545.0 361.0 65.0 259.0 253.0 518.0 314.0 747.0 378.0 119.0 276.0 260.0 150.0 278.0 331.0 191.0 555.0 334.0 240.0 297.0 370.0 220.0 470.0 174.0 276.0 247.0 414.0 207.0 468.0 193.0 457.0 405.0 579.0 110.0 662.0 140.0 46.0 120.0 307.0 126.0 166.0 164.0 276.0 340.0 190.0 132.0 329.0 458.0 518.0 313.0 324.0 0.0 562.0 400.0 303.0 250.0 249.0 558.0 583.0 587.0 305.0 396.0 593.0 363.0 280.0 221.0 269.0 96.0 527.0 108.0 167.0 281.0 593.0 166.0 370.0 442.0 252.0 420.0 606.0 397.0 324.0 166.0 76.0 655.0 348.0 353.0 453.0 210.0 530.0 212.0 662.0 383.0 733.0 122.0 548.0 436.0 459.0 408.0 196.0 481.0 161.0 481.0 236.0 337.0 575.0 398.0 372.0 423.0 244.0 475.0 511.0 219.0 381.0 179.0 315.0 222.0
