202 0
0.00000 16.35000 17.43073 19.81111 19.25261 21.17410 21.99218 20.94019 25.12180 25.24714 27.76984 25.18016 22.16755 21.33878 23.52353 18.11677 26.68268 27.85488 27.14855 26.03550 27.30938 31.17302 33.09476 33.17344 35.02584 27.75603 30.65423 30.96398 31.76735 23.71228 26.23151 25.94727 27.60435 28.10498 29.74099 31.66481 31.93479 33.37441 34.61431 33.67056 33.35253 32.35311 31.24543 31.87251 32.65790 33.64899 32.86327 33.38940 33.80063 35.39730 24.84500 27.16689 28.48975 26.22547 26.88069 28.84770 28.14302 27.78630 28.14431 28.81205 28.91930 29.53853 28.71672 27.90718 29.26953 30.53204 33.22647 31.02271 22.17892 22.66014 24.87851 26.07625 25.29739 26.93241 37.27426 58.03650 58.90462 52.62029 57.69374 54.36563 52.76470 54.87692 44.01226 38.15421 37.39816 42.11976 42.03713 42.37554 45.77389 48.57636 47.92515 40.12734 39.82885 41.80459 37.30807 38.42905 39.23937 40.98650 35.68655 37.85321 39.58289 41.40249 34.04238 34.95715 34.57592 34.68197 35.34569 35.24136 35.35175 35.36743 35.50154 37.31566 38.70850 39.48852 40.03527 40.13435 41.14892 34.06244 36.08264 35.83218 36.97517 38.31217 35.58058 36.22679 39.20608 38.24967 32.66439 32.99463 33.91213 34.21074 35.11243 37.90736 39.71018 41.01127 42.95156 41.78996 33.66672 35.39910 37.23263 38.41642 39.66688 34.64588 37.23550 37.04245 38.17217 34.44499 37.91235 39.68891 40.91963 42.07687 42.64467 40.73551 40.46024 38.61514 39.75543 42.74714 46.90783 46.13209 44.48751 46.84710 48.67591 50.95294 44.53386 46.18613 46.70876 49.67924 40.45389 41.61644 45.20828 43.37229 43.78497 47.82973 45.53045 47.81195 44.37334 46.31635 47.21442 49.58910 53.62721 50.13882 51.38867 51.90996 54.20196 40.62847 40.42186 41.76125 42.08142 44.07141 46.24212 43.74979 46.84419 45.05716 48.84352 50.06641 53.25485 52.90370 45.00098 48.05003 46.84538 48.83020 50.53966 58.66669
16.35000 0.00000 2.77503 3.69054 3.58638 5.22771 5.81712 4.70685 8.79275 8.90068 11.53499 9.04461 5.95189 5.51218 8.03296 4.86483 10.34059 11.50604 11.08734 10.64108 11.45515 15.08724 16.97978 17.05627 18.77878 12.44357 14.96901 15.29603 15.96963 10.91697 12.30339 11.65129 12.94218 14.21487 15.13428 16.92715 16.59113 18.18352 19.27816 18.69743 18.72802 17.94556 17.02048 17.75557 18.41138 19.25665 18.72496 19.38217 19.64714 21.29690 12.80783 14.17221 15.05606 14.16976 14.49684 15.69322 15.80612 16.19485 16.40554 16.72030 16.93688 17.91364 18.14338 17.79649 18.85706 19.95321 23.08670 23.72511 13.13439 13.98753 15.05782 16.30666 16.67744 28.51211 49.53617 70.45807 45.58871 39.78816 43.44083 39.76478 38.12543 40.03229 31.45920 26.06067 24.84237 28.76587 28.06841 27.82357 31.47435 34.15179 33.19955 26.09405 25.60180 27.33543 22.85075 23.88679 24.81529 26.29272 21.05379 23.10209 24.58986 26.28377 19.33594 20.11012 19.81630 20.07084 20.64873 20.59152 20.68542 20.71029 20.82172 22.36682 23.47830 24.33547 24.81242 24.76978 25.80524 18.98033 21.00095 20.58331 21.66915 22.85432 20.30622 20.77202 23.63971 22.58537 17.00779 17.35241 18.25528 18.68569 19.49872 22.11595 23.88122 25.22083 27.07708 25.83074 17.75248 19.44640 21.21301 22.36179 23.59306 18.58480 21.10967 20.84595 21.96506 18.09639 21.59512 23.34286 24.58459 25.73576 26.29516 24.41210 24.16643 22.29291 23.56786 27.69289 31.69843 30.78878 29.11854 31.22828 33.06123 35.35286 28.97729 30.43155 30.91853 33.90639 24.88326 26.07259 29.41271 27.60396 27.87720 31.84106 29.49532 31.73080 28.25683 30.17428 31.01491 33.42148 37.44748 33.91093 35.14604 35.62034 37.89806 24.59374 24.31163 25.64796 25.81544 27.79995 30.00049 27.43583 30.50412 28.71392 32.51451 33.72916 36.93030 36.56537 28.65510 31.70003 30.52128 32.52111 34.32232 42.43087
17.43073 2.77503 0.00000 4.76732 5.26275 6.22852 6.35161 5.29400 8.57525 8.34317 10.47069 7.83465 5.02587 3.93996 6.12944 2.11400 9.95737 10.89474 9.74295 8.70704 9.87962 13.75663 15.68108 15.76021 17.67860 10.48344 13.26584 13.58207 14.35563 8.20986 9.82172 9.25534 10.69426 11.76051 12.90045 14.76164 14.68752 16.21605 17.38890 16.63926 16.54155 15.68202 14.69329 15.40813 16.10629 17.00212 16.39400 17.02475 17.32966 18.98095 10.06588 11.54880 12.51921 11.44488 11.80448 13.11731 13.12538 13.45867 13.68065 14.02633 14.23560 15.19377 15.37675 15.02200 16.08908 17.19368 20.32470 20.98619 10.43031 11.29002 12.29033 13.53491 13.93919 26.47646 48.83530 69.67327 43.21889 37.32284 41.26572 37.67641 36.04423 38.02188 28.92251 23.44031 22.26919 26.34103 25.76715 25.67707 29.27273 31.99500 31.13012 23.79665 23.35048 25.16164 20.64576 21.71476 22.61375 24.18323 18.89033 20.99326 22.57851 24.33105 17.18306 18.01436 17.68629 17.89215 18.50363 18.43002 18.53022 18.55220 18.67216 20.32557 21.56103 22.38830 22.89803 22.92161 23.95092 16.97007 19.00472 18.65915 19.77835 21.04627 18.39256 18.95319 21.89489 20.89667 15.29387 15.63034 16.54678 16.89652 17.76730 20.51250 22.30877 23.62280 25.54357 24.36515 16.24020 17.97051 19.80190 20.98644 22.23773 17.21873 19.81681 19.65102 20.78372 17.46476 20.65448 22.53799 23.70054 24.88003 25.52350 23.87920 23.72788 21.78317 23.34425 25.72002 29.80322 28.95048 27.28750 29.53300 31.36704 33.65446 27.24210 28.81791 29.32934 32.30953 23.14484 24.32258 27.82504 25.99486 26.37054 30.40432 28.10025 30.38144 26.94668 28.89298 29.80764 32.16968 36.20890 32.74293 34.00046 34.56384 36.87225 23.19774 22.99663 24.33558 24.72806 26.71891 28.85979 26.46050 29.62389 27.86015 31.57677 32.82463 35.96677 35.65986 27.97479 30.92862 29.94665 31.98539 33.96808 42.01210
19.81111 3.69054 4.76732 0.00000 1.08453 1.56064 2.18229 1.16914 5.38984 5.74799 8.67698 6.54417 3.71652 4.31870 6.64127 6.54597 6.97414 8.25424 8.56241 8.96746 9.19236 12.35684 14.16417 14.23617 15.74026 10.67499 12.69290 13.02223 13.54169 11.08648 11.59934 10.77764 11.66190 13.33543 13.71671 15.31138 14.54516 16.19001 17.13756 16.83922 17.09934 16.49051 15.72894 16.48637 17.03043 17.74818 17.39193 18.09190 18.26147 19.87200 13.08511 13.80734 14.36847 14.27358 14.40900 15.10315 15.61515 16.30589 16.43407 16.56515 16.81340 17.87029 18.50425 18.35657 19.22526 20.18463 23.29870 24.79527 14.56064 15.42443 15.97982 17.12005 17.84189 31.22348 53.14844 74.05057 44.06619 38.52955 41.52933 37.71852 36.07574 37.85850 30.46221 25.40520 24.03548 27.48571 26.51130 25.96700 29.68437 32.25810 31.16144 24.55235 23.97149 25.53414 21.17079 22.12786 23.09826 24.38828 19.32866 21.24149 22.54344 24.12416 17.62916 18.28315 18.05661 18.39499 18.89818 18.87227 18.95260 18.98227 19.07573 20.40333 21.30217 22.19217 22.61340 22.47560 23.50704 17.03527 18.98909 18.46729 19.48294 20.53092 18.17990 18.49873 21.22006 20.10839 14.67837 15.02422 15.88578 16.41504 17.13149 19.54108 21.24605 22.59990 24.36420 23.05585 15.15190 16.76862 18.43556 19.53155 20.72803 15.80462 18.21394 17.86170 18.95466 14.72240 18.39213 20.03038 21.31634 22.44098 22.94363 20.93850 20.65012 18.81876 19.97163 25.54855 29.40272 28.42025 26.75407 28.67063 30.48991 32.77319 26.48730 27.78224 28.23772 31.21554 22.43927 23.62996 26.74118 24.97226 25.12798 28.99082 26.61831 28.79564 25.30673 27.18508 27.95580 30.38882 34.38692 30.80527 32.01730 32.42134 34.66951 21.75891 21.39954 22.72073 22.68978 24.65582 26.89136 24.21401 27.20169 25.40215 29.24245 30.43060 33.66110 33.25871 25.24004 28.32570 27.04565 29.02211 30.74709 38.86841
19.25261 3.58638 5.26275 1.08453 0.00000 1.93313 2.88600 2.10297 6.18581 6.65456 9.63495 7.58460 4.79993 5.36352 7.72068 7.19809 7.76415 9.08654 9.58439 10.05077 10.24281 13.32201 15.10294 15.17360 16.61061 11.75364 13.72953 14.05820 14.55612 12.06891 12.66277 11.84815 12.74583 14.41069 14.80082 16.39051 15.60042 17.24697 18.17960 17.90515 18.17674 17.57318 16.81345 17.57089 18.11411 18.82911 18.47605 19.17625 19.34478 20.95415 14.06465 14.85334 15.43640 15.27755 15.43280 16.16684 16.65121 17.31479 17.45168 17.60007 17.84604 18.89767 19.49013 19.31696 20.21173 21.18839 24.30887 25.69153 15.36419 16.22980 16.88003 18.04100 18.70728 31.72037 53.11075 74.03813 45.13985 39.61223 42.57755 38.75484 37.11233 38.88015 31.54631 26.48004 25.11503 28.56904 27.58713 27.02580 30.74618 33.31094 32.20145 25.62946 25.04505 26.59713 22.24337 23.19554 24.16779 25.44436 20.40012 22.30316 23.58847 25.15584 18.70282 19.34961 19.12722 19.46953 19.96860 19.94437 20.02393 20.05383 20.14626 21.45781 22.33481 23.22754 23.64194 23.49224 24.52200 18.09490 20.04093 19.50992 20.51666 21.54602 19.22188 19.52341 22.22012 21.10090 15.70328 16.04848 16.90255 17.44365 18.14602 20.51736 22.20778 23.56245 25.30495 23.98407 16.13321 17.73053 19.37150 20.45225 21.63738 16.74656 19.12029 18.74323 19.82535 15.45079 19.19347 20.77688 22.08196 23.19165 23.66370 21.58435 21.26260 19.46881 20.50484 26.58075 30.41290 29.42057 27.75640 29.63866 31.45380 33.73375 27.46962 28.73287 29.18119 32.15416 23.43384 24.62329 27.68817 25.92957 26.05946 29.89283 27.51569 29.67412 26.18490 28.04892 28.79571 31.23514 35.22030 31.62560 32.82784 33.20333 35.43683 22.67431 22.29477 23.60939 23.51303 25.46890 27.71467 24.99572 27.94148 26.13956 29.99475 31.16873 34.41059 33.99018 25.91890 29.02535 27.68056 29.63680 31.29005 39.41888
21.17410 5.22771 6.22852 1.56064 1.93313 0.00000 1.09343 1.11987 4.34166 4.93593 7.96804 6.19200 3.90150 4.96327 6.92440 7.87048 5.90019 7.24967 8.08520 8.96733 8.85353 11.64571 13.37236 13.44063 14.78751 10.56092 12.24945 12.57370 12.99505 11.81007 11.96202 11.09128 11.76247 13.57887 13.70294 15.17206 14.19596 15.84479 16.70259 16.55598 16.92840 16.41242 15.73997 16.49674 16.98058 17.62810 17.36016 18.07175 18.19432 19.76933 13.80082 14.25988 14.67494 14.90215 14.96114 15.43824 16.10650 16.90569 17.00020 17.05704 17.31459 18.39010 19.17274 19.10026 19.88932 20.78781 23.87009 25.67529 15.63819 16.49539 16.87729 17.96709 18.80129 32.60342 54.70903 75.61095 43.81312 38.41092 41.09547 37.22643 35.58598 37.30198 30.48873 25.60747 24.18083 27.39753 26.29808 25.61069 29.34377 31.85704 30.69214 24.35775 23.73787 25.20756 20.93322 21.84389 22.82809 24.01680 19.08518 20.91345 22.11123 23.62360 17.41297 17.99917 17.80906 18.18556 18.64629 18.63626 18.70901 18.74077 18.82433 20.02971 20.81082 21.71194 22.10113 21.91358 22.93678 16.70478 18.60301 18.03149 19.00049 19.96621 17.74148 17.97806 20.59788 19.46203 14.17080 14.51245 15.33948 15.91760 16.57241 18.84338 20.50257 21.85698 23.56040 22.22194 14.48042 16.03370 17.62691 18.68361 19.85208 15.01682 17.33442 16.92870 17.99820 13.53645 17.31137 18.86645 20.17904 21.28198 21.74356 19.65194 19.32959 17.53685 18.58133 25.04837 28.80733 27.79002 26.13259 27.93749 29.74359 32.01611 25.79921 27.00140 27.43773 30.40129 21.79612 22.98096 25.95152 24.21199 24.30016 28.09199 25.71083 27.84760 24.35998 26.20904 26.93520 29.37880 33.35279 29.74993 30.94553 31.30503 33.53136 20.89578 20.49154 21.79751 21.64266 23.59064 25.84236 23.09946 26.02663 24.22427 28.08405 29.25279 32.49815 32.07176 23.98960 27.09942 25.74751 27.70388 29.36577 37.49360
21.99218 5.81712 6.35161 2.18229 2.88600 1.09343 0.00000 1.12361 3.30164 3.84689 6.87607 5.13390 3.11000 4.38041 6.07695 7.76663 4.87822 6.20678 7.00052 7.98385 7.78600 10.55580 12.29137 12.36017 13.73923 9.53634 11.16331 11.48690 11.90237 11.14480 11.10164 10.21403 10.79826 12.66053 12.69662 14.13100 13.11869 14.76683 15.61499 15.48622 15.87844 15.38405 14.73652 15.49179 15.95856 16.58834 16.34235 17.05610 17.16644 18.73146 13.11816 13.43082 13.77845 14.16277 14.17968 14.55146 15.28977 16.14292 16.21902 16.23768 16.49911 17.58110 18.44213 18.41487 19.15439 20.01694 23.07691 25.06625 15.21069 16.05845 16.30192 17.35246 18.26541 32.47232 55.08903 75.96201 42.74040 37.36191 40.00513 36.13376 34.49342 36.20858 29.47626 24.65243 23.20780 26.35822 25.23470 24.52796 28.26204 30.76944 29.60052 23.29835 22.67205 24.12821 19.86802 20.77113 21.75695 22.93288 18.02004 19.83519 21.02255 22.53120 16.35381 16.92831 16.74410 17.12701 17.58005 17.57267 17.64410 17.67619 17.75805 18.94660 19.71900 20.62052 21.00847 20.82015 21.84336 15.62818 17.51912 16.94344 17.90931 18.87279 16.65330 16.88548 19.50526 18.37022 13.07938 13.42075 14.24649 14.82625 15.47911 17.75453 19.41822 20.77283 22.48449 21.15062 13.38903 14.94735 16.55016 17.61374 18.78802 13.93610 16.27015 15.87648 16.95265 12.58145 16.30761 17.90198 19.20162 20.31572 20.79991 18.76561 18.47078 16.64656 17.79119 23.95590 27.71437 26.69814 25.04029 26.85317 28.66092 30.93496 24.71058 25.92275 26.36191 29.32811 20.70440 21.88962 24.87395 23.13025 23.22826 27.03486 24.65523 26.80262 23.31390 25.17162 25.91204 28.35257 32.33541 28.73974 29.94188 30.32025 32.55703 19.82948 19.43469 20.74470 20.62753 22.58291 24.82904 22.11228 25.06991 23.26871 27.11897 28.29808 31.53604 31.12242 23.07799 26.17257 24.87092 26.84377 28.56527 36.68621
20.94019 4.70685 5.29400 1.16914 2.10297 1.11987 1.12361 0.00000 4.22508 4.58695 7.54022 5.50158 2.90630 3.86012 5.92611 6.82561 5.80849 7.08510 7.48637 8.09662 8.16745 11.22553 13.01861 13.09000 14.57481 9.75219 11.63799 11.96609 12.45460 10.71135 10.95321 10.09737 10.85389 12.61525 12.85051 14.38523 13.52762 15.17599 16.09101 15.85091 16.16052 15.59540 14.87859 15.63656 16.15005 16.83391 16.52114 17.22777 17.37360 18.96798 12.70510 13.22635 13.68961 13.82413 13.90107 14.44377 15.06368 15.83561 15.93829 16.01486 16.27000 17.34116 18.08896 18.00267 18.80676 19.71906 22.81032 24.56156 14.52145 15.37801 15.76087 16.85528 17.68202 31.56162 53.97793 74.85650 43.10141 37.62522 40.49220 36.66035 35.01806 36.77943 29.62942 24.66993 23.26608 26.59302 25.55957 24.95517 28.68009 31.23122 30.10967 23.60809 23.00957 24.53392 20.20551 21.14338 22.12014 23.36988 18.35948 20.23843 21.50156 23.05945 16.67044 17.29590 17.08460 17.43998 17.92502 17.90596 17.98306 18.01367 18.10293 19.38190 20.23916 21.13337 21.54417 21.39068 22.42008 16.02793 17.96194 17.42155 18.42181 19.44422 17.13301 17.42440 20.11718 18.99849 13.60480 13.94970 14.80135 15.34653 16.04426 18.41811 20.11350 21.46793 23.22059 21.90670 14.03245 15.63582 17.28928 18.37924 19.57200 14.66081 17.05676 16.69841 17.78955 13.56320 17.22332 18.86683 20.15013 21.27656 21.78427 19.79850 19.52135 17.67825 18.87520 24.48454 28.31024 27.31765 25.65343 27.54238 29.35909 31.64042 25.36912 26.64373 27.09560 30.07126 21.33126 22.52085 25.60074 23.83730 23.98029 27.83311 25.45924 27.63240 24.14329 26.01936 26.78758 29.22116 33.21838 29.63621 30.84815 31.25321 33.50252 20.60492 20.23961 21.55932 21.52072 23.48668 25.72233 23.04611 26.03847 24.23944 28.07734 29.26742 32.49616 32.09643 24.08961 27.16989 25.90742 27.89004 29.64172 37.75827
25.12180 8.79275 8.57525 5.38984 6.18581 4.34166 3.30164 4.22508 0.00000 1.07229 3.85751 3.17907 3.72227 5.22034 5.44497 9.38849 1.58474 2.90849 4.39182 6.29020 5.37820 7.43517 9.08282 9.14847 10.44594 7.43281 8.37994 8.68663 8.95491 10.79819 9.90353 8.98042 9.04712 11.09617 10.60642 11.75839 10.42739 12.04691 12.75646 12.84628 13.40917 13.08450 12.61736 13.34881 13.69445 14.18899 14.10108 14.81921 14.84529 16.32271 12.60938 12.28377 12.29179 13.38477 13.22147 13.09138 14.14186 15.20885 15.20420 15.05392 15.32670 16.41426 17.59077 17.74491 18.27208 18.97089 21.89462 24.58676 15.54120 16.33414 16.09471 16.97549 18.15252 33.46734 57.33352 78.11792 39.97950 34.79446 37.04139 33.11700 31.48166 33.13139 27.16787 22.69406 21.16328 23.89023 22.58994 21.69670 25.43299 27.86041 26.62010 20.69470 20.01728 21.33696 17.23419 18.06181 19.05825 20.09167 15.40017 17.07378 18.11873 19.54152 13.80229 14.26354 14.13708 14.57277 14.95370 14.97047 15.02935 15.06415 15.12993 16.13248 16.75431 17.66305 18.01334 17.77385 18.78471 12.91508 14.70291 14.06840 14.96781 15.83327 13.77800 13.90764 16.40617 15.25365 10.16231 10.49280 11.26464 11.89723 12.46966 14.59601 16.22002 17.57219 19.24387 17.89579 10.27855 11.77000 13.31569 14.35596 15.51640 10.72293 12.99948 12.58714 13.65725 9.34260 13.01327 14.64178 15.92672 17.05156 17.56242 15.62032 15.37695 13.50073 14.84213 20.96075 24.61618 23.57204 21.92504 23.65017 25.44774 27.71351 21.54221 22.69155 23.11989 26.07706 17.58204 18.75868 21.63875 19.91441 19.97458 23.75125 21.36969 23.50704 20.01904 21.87208 22.61048 25.05095 29.03449 25.44086 26.64560 27.03562 29.28058 16.56238 16.15097 17.45594 17.32754 19.28543 21.52933 18.82760 21.81346 20.01460 23.85268 25.04240 28.27140 27.87172 19.88328 22.95281 21.73008 23.72836 25.55787 33.65401
25.24714 8.90068 8.34317 5.74799 6.65456 4.93593 3.84689 4.58695 1.07229 0.00000 3.03832 2.12276 3.33132 4.70916 4.53282 8.92657 1.65469 2.61069 3.38545 5.22138 4.34014 6.70981 8.45319 8.52303 9.99598 6.37125 7.46003 7.77443 8.11141 9.84106 8.85037 7.92809 7.97492 10.02449 9.55165 10.74218 9.48267 11.11542 11.87829 11.89212 12.41465 12.05922 11.56882 12.30386 12.66505 13.18220 13.06916 13.78772 13.82617 15.32074 11.61710 11.22786 11.22087 12.35752 12.17773 12.02060 13.08277 14.16297 14.15222 13.99174 14.26483 15.35164 16.54788 16.71847 17.22581 17.91270 20.82818 23.57097 14.67212 15.45057 15.13048 15.98480 17.19591 32.69251 56.92115 77.66277 39.08074 33.83846 36.22545 32.32877 30.69026 32.38074 26.15687 21.63975 20.11564 22.90681 21.64861 20.81670 24.55421 27.01609 25.81027 19.74079 19.07679 20.44161 16.28501 17.13589 18.12999 19.21450 14.44480 16.16407 17.26685 18.73373 12.82689 13.31910 13.17629 13.59933 13.99944 14.00974 14.07205 14.10617 14.17642 15.24100 15.93119 16.83687 17.20769 16.99886 18.01827 11.98314 13.81045 13.19937 14.13111 15.05283 12.90868 13.08898 15.66752 14.52837 9.30600 9.64266 10.44483 11.05022 11.66765 13.90777 15.57362 16.92838 18.65312 17.32954 9.54604 11.10115 12.71882 13.79801 14.98655 10.09777 12.47063 12.11401 13.20920 9.22035 12.71250 14.44247 15.68674 16.83543 17.39876 15.59395 15.40775 13.48440 15.00362 20.15672 23.87901 22.85626 21.20033 23.00832 24.81784 27.09377 20.86377 22.08581 22.53004 25.50102 16.86213 18.04614 21.03902 19.28869 19.40516 23.24649 20.87231 23.04781 19.55902 21.44045 22.22367 24.65183 28.65759 25.08817 26.30932 26.74769 29.01484 16.02134 15.65268 16.97292 16.97531 18.95042 21.17354 18.55085 21.60385 19.81325 23.61832 24.82952 28.03561 27.66533 19.78016 22.80654 21.68946 23.71102 25.63674 33.70024
27.76984 11.53499 10.47069 8.67698 9.63495 7.96804 6.87607 7.54022 3.85751 3.03832 0.00000 2.64426 5.60807 6.54196 5.06779 10.52975 2.82110 1.91063 1.33600 4.08600 2.29334 3.68774 5.49524 5.56871 7.25822 4.37440 4.55827 4.85473 5.09895 9.49211 7.67482 6.82961 6.23618 8.32141 7.29056 8.14705 6.62809 8.22390 8.90000 9.05192 9.70337 9.50268 9.19714 9.88850 10.12865 10.51902 10.54568 11.25544 11.22022 12.62610 10.93454 9.89760 9.52518 11.34289 10.98605 10.30966 11.64375 12.89170 12.79971 12.47510 12.74851 13.80077 15.26739 15.61018 15.89385 16.40364 19.12955 22.47784 14.63722 15.32348 14.54333 15.19243 16.61634 32.87072 58.23313 78.83050 36.12485 30.98129 33.20147 29.29506 27.65728 29.34242 23.47637 19.24963 17.66856 20.12903 18.76488 17.83953 21.57563 24.00765 22.78305 16.88609 16.19304 17.48275 13.42313 14.22534 15.22307 16.23435 11.60100 13.22683 14.26319 15.70488 10.04496 10.45121 10.34985 10.80841 11.15380 11.18090 11.23401 11.26980 11.32852 12.27819 12.90862 13.81610 14.17779 13.96161 14.98028 9.09057 10.84941 10.21092 11.11598 12.01609 9.92053 10.06344 12.63055 11.49415 6.30496 6.63621 7.41877 8.04162 8.63505 10.88677 12.57341 13.92794 15.68879 14.38951 6.51338 8.09584 9.76492 10.87803 12.09179 7.13106 9.59123 9.31099 10.43127 7.18283 10.18472 12.08147 13.23006 14.41089 15.06997 13.58318 13.53320 11.54104 13.46165 17.12671 20.84140 19.82207 18.16464 20.00372 21.81922 24.10021 17.84211 19.10542 19.56121 22.54028 13.82833 15.01382 18.06423 16.29723 16.45786 20.35587 17.99468 20.20943 16.72940 18.64100 19.48253 21.88653 25.91360 22.38711 23.62908 24.14091 26.43734 13.11030 12.79166 14.12457 14.31195 16.30165 18.48159 16.00138 19.15338 17.39003 21.11300 22.35655 25.51085 25.19273 17.54991 20.46766 19.57384 21.63018 23.75797 31.70819
25.18016 9.04461 7.83465 6.54417 7.58460 6.19200 5.13390 5.50158 3.17907 2.12276 2.64426 0.00000 3.09742 3.90001 2.70839 7.91679 3.35704 3.56202 2.05718 3.12578 2.66918 6.04425 7.94632 8.02366 9.85503 4.45314 6.14876 6.47816 7.02567 7.82286 6.72780 5.80539 5.92504 7.94346 7.64412 9.00419 8.02793 9.67695 10.59534 10.36845 10.74509 10.27362 9.68219 10.43092 10.85868 11.46170 11.25011 11.96706 12.05492 13.60596 9.54292 9.10618 9.13110 10.24539 10.05607 9.92932 10.96300 12.04065 12.02958 11.87499 12.14771 13.23543 14.42623 14.60571 15.10334 15.79236 18.71838 21.46536 12.77842 13.53007 13.08804 13.90760 15.16113 30.91771 55.75375 76.40710 37.62662 32.22829 34.99333 31.17446 29.53171 31.32013 24.38248 19.70166 18.20990 21.22992 20.10608 19.45511 23.18204 25.72987 24.61837 18.16644 17.54643 19.03825 14.74164 15.65940 16.64105 17.86866 12.89365 14.74247 16.00388 17.58061 11.22161 11.81271 11.61752 11.99448 12.45528 12.44434 12.51741 12.54907 12.63333 13.88051 14.75844 15.64801 16.07137 15.94556 16.97891 10.53148 12.46038 11.92554 12.93901 14.00418 11.63767 11.96060 14.72158 13.63037 8.14199 8.48840 9.36057 9.87405 10.60872 13.11264 14.85976 16.20568 18.04038 16.78657 8.72968 10.40829 12.16852 13.32065 14.55612 9.54185 12.08557 11.86376 12.99250 9.77616 12.82100 14.72572 15.87038 17.05282 17.71419 16.19359 16.11504 14.13307 15.94776 19.00479 22.87941 21.91463 20.24557 22.24489 24.07351 26.36339 20.02507 21.41283 21.89143 24.87865 15.95188 17.14389 20.38687 18.58810 18.83571 22.79748 20.45539 22.70092 19.23550 21.16453 22.03907 24.42622 28.46072 24.95905 26.20859 26.74551 29.04857 15.55147 15.28504 16.62354 16.91050 18.90153 21.06237 18.62686 21.79101 20.03081 23.74235 24.99009 28.13448 27.82521 20.19130 23.11164 22.20617 24.25946 26.35482 34.32930
22.16755 5.95189 5.02587 3.71652 4.79993 3.90150 3.11000 2.90630 3.72227 3.33132 5.60807 3.09742 0.00000 1.53717 3.02605 5.66682 4.96980 5.86941 5.14995 5.25095 5.61634 9.13598 11.02842 11.10504 12.86603 6.96796 9.15002 9.48001 10.08787 8.04825 8.06202 7.19712 7.96571 9.70895 10.00152 11.60142 10.91782 12.55268 13.55403 13.16907 13.39336 12.77418 12.01757 12.77536 13.31419 14.03412 13.67670 14.37786 14.54497 16.15610 10.01380 10.36016 10.78687 11.05355 11.08082 11.54468 12.21031 13.03839 13.12064 13.16025 13.41906 14.49711 15.33256 15.30790 16.04524 16.91557 19.98512 21.98262 12.30475 13.13646 13.24648 14.27136 15.23634 29.94048 53.63448 74.40439 40.36675 34.81316 37.90342 34.13185 32.48903 34.31996 26.75922 21.76539 20.36799 23.76922 22.80781 22.31373 26.02016 28.62089 27.56642 20.84596 20.27436 21.86786 17.47713 18.44853 19.41293 20.74479 15.63897 17.58188 18.93919 20.56471 13.93357 14.60998 14.37019 14.69656 15.21188 15.18084 15.26346 15.29242 15.38899 16.76880 17.74407 18.62264 19.06763 18.97338 20.00866 13.38693 15.36571 14.87836 15.92478 17.03947 14.59406 14.97728 17.78296 16.70413 11.17248 11.51907 12.40636 12.88587 13.65478 16.20213 17.95446 19.29901 21.13774 19.88262 11.82371 13.50565 15.26267 16.40991 17.64150 12.63331 15.16096 14.91181 16.03534 12.45350 15.75373 17.58207 18.77827 19.94728 20.56004 18.86066 18.70253 16.76107 18.33271 21.98529 25.91131 24.96505 23.29467 25.33047 27.16056 29.45119 23.10066 24.50744 24.98768 27.97509 19.01877 20.21052 23.48284 21.68185 21.93292 25.88957 23.54347 25.78120 22.30981 24.23176 25.08696 27.48537 31.51567 27.99478 29.23715 29.74292 32.03462 18.64196 18.36257 19.69969 19.91801 21.90694 24.08966 21.58634 24.70691 22.93010 26.68837 27.92136 31.09459 30.75906 22.98685 25.97038 24.93773 26.97149 28.94221 36.98887
21.33878 5.51218 3.93996 4.31870 5.36352 4.96327 4.38041 3.86012 5.22034 4.70916 6.54196 3.90001 1.53717 0.00000 2.55345 4.21769 6.36385 7.12144 5.81169 5.13811 6.02138 9.83428 11.75659 11.83539 13.73866 6.93831 9.49451 9.81872 10.53488 6.85143 7.31273 6.52362 7.58493 9.10539 9.73621 11.47258 11.07942 12.67213 13.76866 13.19816 13.27678 12.54867 11.68850 12.43822 13.04646 13.84561 13.38244 14.06235 14.28551 15.92499 8.84616 9.49072 10.09528 9.98499 10.09657 10.81467 11.29659 12.00808 12.12627 12.24673 12.49554 13.55457 14.23947 14.14277 14.95851 15.89076 18.99594 20.71968 10.85564 11.69712 11.93459 13.00831 13.88703 28.40803 52.21244 72.95632 40.21446 34.52563 37.95509 34.25934 32.61923 34.52020 26.33177 21.15851 19.82701 23.47765 22.66278 22.33754 26.00576 28.66440 27.69282 20.69018 20.16775 21.85975 17.39681 18.41532 19.35552 20.79725 15.58436 17.60964 19.07927 20.77198 13.86639 14.61824 14.33629 14.61105 15.17262 15.12236 15.21334 15.23937 15.34700 16.86056 17.96802 18.82366 19.30277 19.26947 20.30435 13.47230 15.49036 15.07180 16.16070 17.36132 14.79522 15.27470 18.16548 17.13035 11.53444 11.87697 12.78626 13.19288 14.02384 16.69856 18.48217 19.81000 21.70310 20.49697 12.37734 14.09733 15.91035 17.08637 18.33391 13.31088 15.89676 15.71691 16.84903 13.60739 16.72067 18.62081 19.77036 20.95244 21.60853 20.03038 19.91452 17.94971 19.63186 22.18073 26.19302 25.29350 23.62414 25.77824 27.61272 29.90385 23.51072 25.01755 25.51724 28.50309 19.41235 20.59883 24.01108 22.18993 22.51977 26.53108 24.21236 26.48247 23.03626 24.97775 25.88044 28.25050 32.28889 28.81178 30.06726 30.62478 32.93252 19.30589 19.08418 20.42372 20.78885 22.77980 24.92479 22.52177 25.69078 23.93075 27.63883 28.88848 32.02730 31.72305 24.07573 27.00889 26.07210 28.11931 30.16200 38.17180
23.52353 8.03296 6.12944 6.64127 7.72068 6.92440 6.07695 5.92611 5.44497 4.53282 5.06779 2.70839 3.02605 2.55345 0.00000 5.65043 5.99981 6.26235 3.98178 2.61536 3.84574 7.82006 9.73375 9.81371 11.87246 4.41702 7.13894 7.45373 8.24394 5.36956 5.03775 4.17168 5.05831 6.70060 7.18925 8.91964 8.59824 10.16649 11.29783 10.66457 10.72377 9.99954 9.15736 9.91032 10.50378 11.29388 10.84526 11.53080 11.74247 13.37866 7.24133 7.35391 7.76354 8.15856 8.12326 8.51897 9.21352 10.10004 10.15910 10.16094 10.42283 11.50593 12.43217 12.47915 13.13672 13.96045 17.00540 19.25497 10.14308 10.91799 10.66524 11.58710 12.71513 28.22815 53.16598 73.77715 37.66381 31.99595 35.41242 31.73300 30.09413 32.01512 23.84573 18.76845 17.39442 20.94614 20.11030 19.79446 23.45661 26.12230 25.16884 18.13802 17.61432 19.31236 14.84443 15.86636 16.80411 18.26013 13.03453 15.07012 16.56647 18.28054 11.31633 12.07812 11.78970 12.05916 12.62469 12.57239 12.66416 12.68988 12.79864 14.33661 15.48848 16.33295 16.82528 16.82080 17.85315 10.95304 12.97871 12.58690 13.69118 14.93180 12.31450 12.83948 15.76925 14.76724 9.16459 9.50091 10.41739 10.77392 11.63857 14.39001 16.18978 17.49853 19.42907 18.27108 10.15553 11.89230 13.74448 14.94117 16.19704 11.20413 13.82707 13.73350 14.86538 12.23515 14.95690 16.95677 18.01835 19.21292 19.93765 18.60564 18.58473 16.58706 18.52523 19.68294 23.72608 22.85041 21.18412 23.40492 25.23918 27.52730 21.11740 22.69001 23.20345 26.18215 17.01899 18.19878 21.69988 19.86815 20.26144 24.31031 22.02452 24.32017 20.91206 22.86764 23.82130 26.15160 30.18952 26.77159 28.03962 28.66150 30.98488 17.13378 16.97425 18.30886 18.85068 20.83329 22.91979 20.66435 23.89099 22.16594 25.78062 27.05078 30.13001 29.87210 22.46205 25.29214 24.53488 26.59972 28.78943 36.69390
18.11677 4.86483 2.11400 6.54597 7.19809 7.87048 7.76663 6.82561 9.38849 8.92657 10.52975 7.91679 5.66682 4.21769 5.65043 0.00000 10.58123 11.30658 9.58426 7.99315 9.49103 13.47006 15.38130 15.46129 17.51828 9.66284 12.63576 12.93370 13.78876 6.38154 8.35711 7.93083 9.52521 10.29672 11.69935 13.60983 13.82239 15.25971 16.49786 15.58082 15.34309 14.40497 13.35210 14.03395 14.77560 15.72138 15.02960 15.62283 15.97263 17.61254 8.13615 9.83566 10.92799 9.54646 9.96880 11.46226 11.30218 11.52663 11.77169 12.17477 12.36983 13.28952 13.36161 12.96852 14.06828 15.19771 18.31875 18.87318 8.32015 9.18123 10.19445 11.44811 11.82582 24.73692 47.99475 68.74440 41.71900 35.72439 39.97154 36.47614 34.85488 36.89757 27.25273 21.67268 20.56871 24.81152 24.37950 24.45593 27.97965 30.74001 29.96654 22.42156 22.02844 23.91420 19.39048 20.48816 21.34986 23.00824 17.69414 19.83909 21.51452 23.31500 16.01502 16.89991 16.53808 16.68832 17.33097 17.24010 17.34627 17.36490 17.49309 19.24763 20.59969 21.39068 21.92956 22.01833 23.03443 15.95866 17.98553 17.71769 18.85926 20.19741 17.46474 18.11445 21.09996 20.16444 14.61069 14.93319 15.84811 16.11299 17.02888 19.86465 21.67280 22.95234 24.91853 23.81006 15.73445 17.47187 19.33896 20.54254 21.79928 16.83154 19.45944 19.38149 20.51265 17.69275 20.58866 22.56334 23.65053 24.84321 25.54972 24.10779 24.03062 22.04985 23.81248 24.67596 28.81626 28.02200 26.37403 28.73671 30.56367 32.83838 26.42004 28.10047 28.63166 31.59148 22.34602 23.50423 27.13666 25.29763 25.76445 29.83837 27.58342 29.89251 26.51148 28.47117 29.44457 31.75674 35.79093 32.39892 33.67000 34.30577 36.63081 22.71448 22.58695 23.91702 24.50017 26.48170 28.55870 26.31341 29.53501 27.80348 31.43044 32.69953 35.78011 35.52192 28.05679 30.92070 30.10006 32.15844 34.27160 42.23786
26.68268 10.34059 9.95737 6.97414 7.76415 5.90019 4.87822 5.80849 1.58474 1.65469 2.82110 3.35704 4.96980 6.36385 5.99981 10.58123 0.00000 1.38452 3.76033 6.17103 4.82000 6.11310 7.64895 7.71073 8.90025 6.96072 7.35111 7.63614 7.77319 11.17553 9.87770 8.97197 8.73147 10.82451 10.02417 10.96311 9.42788 11.00166 11.59966 11.84911 12.52326 12.31605 11.97305 12.67711 12.94018 13.34012 13.35592 14.06772 14.03968 15.44581 12.86024 12.21524 12.03483 13.48461 13.23197 12.83227 14.03407 15.19540 15.14879 14.91139 15.18597 16.26083 17.58673 17.83054 18.24432 18.85109 21.67775 24.70707 16.12488 16.88281 16.42631 17.21430 18.50227 34.22390 58.57572 79.31654 38.80883 33.74846 35.74383 31.78701 30.15661 31.75935 26.29457 22.04495 20.47334 22.93199 21.52521 20.51195 24.23997 26.60956 25.32256 19.66417 18.95655 20.18038 16.20256 16.97448 17.97298 18.90545 14.39142 15.95627 16.89601 18.25194 12.85570 13.23382 13.14874 13.61619 13.94435 13.97749 14.02728 14.06362 14.11784 14.98344 15.49271 16.40320 16.72442 16.44706 17.44570 11.86461 13.56173 12.88848 13.73221 14.51831 12.60002 12.65025 15.04197 13.87869 8.98806 9.30523 10.02402 10.69356 11.19641 13.18730 14.77231 16.12005 17.75308 16.39208 8.93419 10.35409 11.83894 12.85284 13.99641 9.27579 11.48330 11.04620 12.10539 7.76809 11.43070 13.05944 14.34222 15.46831 15.98498 14.07657 13.85560 11.95924 13.39039 19.66351 23.23695 22.17294 20.53651 22.18937 23.97707 26.23455 20.11214 21.20689 21.62504 24.57235 16.19596 17.36318 20.15117 18.44583 18.47048 22.21315 19.82982 21.95228 18.46610 20.30963 21.03723 23.47967 27.45836 23.86153 25.06421 25.45110 27.69588 15.04668 14.61560 15.91308 15.74970 17.70482 19.95102 17.24302 20.23123 18.43294 22.26885 23.46015 26.68768 26.29026 18.31836 21.37933 20.18377 22.19078 24.06293 32.14460
27.85488 11.50604 10.89474 8.25424 9.08654 7.24967 6.20678 7.08510 2.90849 2.61069 1.91063 3.56202 5.86941 7.12144 6.26235 11.30658 1.38452 0.00000 3.15087 5.83768 4.17580 4.78206 6.26929 6.33024 7.53796 6.28160 6.20233 6.46734 6.51300 11.12800 9.50285 8.63264 8.13465 10.22437 9.18197 9.94450 8.27568 9.80703 10.33362 10.68131 11.42734 11.30583 11.05912 11.73617 11.93582 12.26534 12.35541 13.05821 12.99154 14.34182 12.67723 11.76576 11.43007 13.16332 12.83715 12.21645 13.53121 14.76116 14.67969 14.37178 14.64559 15.70191 17.14302 17.46103 17.77683 18.30417 21.03979 24.33622 16.20768 16.92798 16.27978 16.98069 18.35789 34.40600 59.25556 79.93835 37.50979 32.51440 34.39333 30.42639 28.79780 30.38706 25.16878 21.07815 19.48182 21.75793 20.29050 19.21490 22.93618 25.27903 23.97427 18.45183 17.72782 18.89776 14.99667 15.73404 16.73188 17.60927 13.20505 14.70077 15.58438 16.90986 11.71633 12.03850 11.98033 12.46655 12.75920 12.80266 12.84645 12.88363 12.93031 13.71249 14.16482 15.07510 15.38371 15.09209 16.08598 10.66208 12.29850 11.60559 12.41888 13.16918 11.31895 11.32841 13.67545 12.50960 7.72389 8.03125 8.71721 9.40434 9.87001 11.80995 13.38867 14.73600 16.37010 15.01128 7.58131 8.97644 10.45452 11.47159 12.62016 7.89307 10.10537 9.68050 10.74878 6.61148 10.14150 11.83796 13.09303 14.23551 14.78990 12.99833 12.83318 10.89428 12.51105 18.31761 21.86395 20.79567 19.16178 20.80487 22.59266 24.85060 18.72994 19.82333 20.24283 23.19219 14.82288 15.98753 18.76790 17.06132 17.08991 20.84624 18.46394 20.59856 17.11057 18.96486 19.71090 22.14899 26.13846 22.55193 23.76306 24.17592 26.43393 13.66903 13.24666 14.54908 14.43660 16.40159 18.63850 15.97198 19.00367 17.21080 21.02534 22.23075 25.44385 25.06539 17.17001 20.19679 19.08713 21.11348 23.07444 31.12019
27.14855 11.08734 9.74295 8.56241 9.58439 8.08520 7.00052 7.48637 4.39182 3.38545 1.33600 2.05718 5.14995 5.81169 3.98178 9.58426 3.76033 3.15087 0.00000 2.75000 1.06118 4.02732 5.94643 6.02501 7.96090 3.20351 4.16491 4.49027 4.98141 8.16355 6.36089 5.50441 5.01148 7.10724 6.28335 7.36659 6.13206 7.77613 8.61987 8.52596 9.02925 8.69437 8.26313 8.98372 9.30658 9.80013 9.71511 10.43261 10.45349 11.93689 9.59964 8.61507 8.31698 10.02665 9.68796 9.10978 10.38730 11.61043 11.53133 11.23730 11.51154 12.57457 13.99309 14.31239 14.62930 15.17440 17.95116 21.18625 13.31712 13.99665 13.20839 13.86586 15.28202 31.55244 57.08098 77.64000 35.75559 30.46318 33.01977 29.17498 27.53290 29.29732 22.77775 18.34713 16.79815 19.52184 18.28633 17.52768 21.26232 23.77327 22.62749 16.36938 15.71655 17.13160 12.91898 13.79200 14.78252 15.93236 11.07504 12.84136 14.03060 15.57321 9.44545 9.96028 9.80337 10.21851 10.63092 10.63628 10.70107 10.73465 10.80838 11.94623 12.75337 13.64892 14.05789 13.91322 14.94489 8.64083 10.51860 9.94972 10.93686 11.96887 9.66011 9.93909 12.67228 11.57624 6.11889 6.46413 7.32362 7.86018 8.57001 11.05552 12.80455 14.14960 15.99065 14.74599 6.67390 8.35922 10.13494 11.29738 12.53924 7.51732 10.08822 9.90814 11.04099 8.29133 11.00627 12.98398 14.06776 15.25965 15.96828 14.63272 14.63087 12.62945 14.65256 16.99834 20.84210 19.86868 18.20055 20.18776 22.01633 24.30622 17.96980 19.35757 19.83799 22.82551 13.89996 15.09189 18.33302 16.53227 16.78993 20.76542 18.43116 20.68829 17.23296 19.17057 20.06875 22.44084 26.47870 23.00089 24.25761 24.82749 27.14042 13.52453 13.28050 14.62003 14.99406 16.98387 19.11701 16.76019 19.96263 18.22323 21.88028 23.14095 26.25312 25.97000 18.48529 21.33656 20.55333 22.61798 24.81730 32.71220
26.03550 10.64108 8.70704 8.96746 10.05077 8.96733 7.98385 8.09662 6.29020 5.22138 4.08600 3.12578 5.25095 5.13811 2.61536 7.99315 6.17103 5.83768 2.75000 0.00000 1.96459 5.73400 7.56746 7.64665 9.83252 1.80278 4.64263 4.94217 5.80111 5.43968 3.70775 2.81016 2.83115 4.81834 4.75521 6.37433 5.98821 7.55114 8.68945 8.06006 8.17538 7.52407 6.78224 7.54015 8.06381 8.79102 8.42893 9.13306 9.29402 10.90714 6.85350 6.05020 6.00563 7.34086 7.06208 6.80423 7.88578 9.02478 8.98421 8.78262 9.05649 10.14042 11.41617 11.66949 12.07659 12.71417 15.60803 18.54871 10.61156 11.27172 10.46165 11.14301 12.53685 28.84332 54.73356 75.20294 35.14751 29.56257 32.81836 29.12394 27.48441 29.40011 21.53394 16.67707 15.22401 18.51828 17.58611 17.20160 20.87742 23.52758 22.55848 15.61887 15.06892 16.72860 12.28416 13.28811 14.23609 15.65920 10.46083 12.47221 13.95218 15.66565 8.74488 9.48133 9.20589 9.49739 10.04435 9.99954 10.08808 10.11500 10.21961 11.72574 12.87590 13.71825 14.21294 14.21802 15.24891 8.33993 10.36400 9.97374 11.08199 12.33926 9.70244 10.24617 13.19470 12.21633 6.63094 6.95949 7.87686 8.19421 9.08012 11.88158 13.68832 14.97908 16.93365 15.81691 7.75812 9.49210 11.36611 12.57360 13.82932 8.91351 11.54191 11.53697 12.65571 10.73898 12.97222 15.04859 16.00923 17.20536 17.99190 16.92280 17.00000 14.99825 17.17277 17.06761 21.11541 20.24777 18.58318 20.83678 22.66976 24.95502 18.53940 20.15121 20.67335 23.64442 14.44463 15.61930 19.17342 17.33691 17.77628 21.84640 19.59112 21.90230 18.53492 20.49652 21.49101 23.78173 27.81180 24.44965 25.72540 26.40109 28.73265 14.72968 14.62676 15.95013 16.65257 18.61581 20.64000 18.53166 21.79514 20.11257 23.62264 24.90687 27.92363 27.70748 20.55309 23.26767 22.68680 24.75680 27.07720 34.85159
27.30938 11.45515 9.87962 9.19236 10.24281 8.85353 7.78600 8.16745 5.37820 4.34014 2.29334 2.66918 5.61634 6.02138 3.84574 9.49103 4.82000 4.17580 1.06118 1.96459 0.00000 3.98407 5.89031 5.97030 8.06497 2.14234 3.53418 3.86401 4.51846 7.39032 5.39676 4.57395 3.96225 6.05607 5.24492 6.41418 5.36017 7.00872 7.95086 7.70253 8.11953 7.72161 7.24215 7.97106 8.32544 8.86399 8.72906 9.44765 9.49255 11.00717 8.71358 7.60427 7.26465 9.06405 8.69484 8.05563 9.35635 10.59850 10.50865 10.19659 10.47052 11.52931 12.97521 13.31830 13.60419 14.13073 16.89424 20.18467 12.56678 13.21557 12.31802 12.92889 14.38374 30.79295 56.63791 77.13594 34.96037 29.59206 32.33702 28.53489 26.89194 28.70627 21.82733 17.32399 15.78621 18.61645 17.44899 16.78772 20.51351 23.06813 21.97378 15.51547 14.88608 16.36917 12.08202 12.99191 13.97491 15.20303 10.23407 12.07339 13.35210 14.95403 8.57299 9.14606 8.95818 9.34675 9.79409 9.78718 9.85816 9.89032 9.97211 11.21561 12.13223 13.01489 13.45335 13.35828 14.39379 7.86240 9.79815 9.27906 10.31234 11.42701 8.99274 9.36122 12.18862 11.13035 5.56296 5.90905 6.80471 7.26973 8.05112 10.67897 12.46082 13.78981 15.68300 14.48779 6.36306 8.09111 9.92551 11.11533 12.36938 7.36398 9.98341 9.89051 11.02164 8.78710 11.17915 13.22084 14.23427 15.43087 16.18575 15.01757 15.07195 13.06853 15.21364 16.37614 20.29622 19.35732 17.68661 19.77502 21.60860 23.90025 17.52249 18.99862 19.49644 22.48271 13.43015 14.62040 17.99021 16.17064 16.50239 20.52601 18.22108 20.50600 17.08312 19.03557 19.97961 22.31775 26.35670 22.92822 24.19531 24.81633 27.14036 13.32034 13.13947 14.47608 15.01008 16.99075 19.07410 16.83854 20.07817 18.36745 21.95057 23.22475 26.29101 26.04158 18.73206 21.50745 20.84170 22.91107 25.18838 33.01014
31.17302 15.08724 13.75663 12.35684 13.32201 11.64571 10.55580 11.22553 7.43517 6.70981 3.68774 6.04425 9.13598 9.83428 7.82006 13.47006 6.11310 4.78206 4.02732 5.73400 3.98407 0.00000 1.92502 2.00442 4.10104 4.69348 2.30790 2.38449 1.92938 10.79002 8.24254 7.66599 6.30328 8.00500 6.14469 6.09338 4.01659 5.30352 5.62254 6.23818 7.20069 7.39351 7.52861 8.05597 8.01140 8.08010 8.42487 9.06706 8.87144 10.00953 11.70206 9.92627 9.04902 11.65457 11.09307 9.71854 11.34028 12.73142 12.53102 11.99058 12.24461 13.17635 14.95222 15.51434 15.47603 15.70875 18.05594 22.16887 15.89591 16.44727 15.17012 15.53039 17.15276 33.95277 60.42092 80.82543 32.73287 27.80731 29.63360 25.68927 24.05604 25.69673 20.68586 17.05005 15.40143 17.17909 15.59673 14.44195 18.15824 20.49938 19.21155 13.80508 13.05158 14.13791 10.38182 11.04287 12.03603 12.83767 8.65615 9.98617 10.80424 12.13907 7.33486 7.48223 7.50246 8.03471 8.21979 8.29113 8.31758 8.35654 8.38203 8.97567 9.38365 10.29406 10.61139 10.34497 11.35176 6.11098 7.58009 6.85719 7.63887 8.41000 6.57438 6.54640 8.97225 7.82432 3.06041 3.33114 3.94620 4.65560 5.08811 7.20003 8.88923 10.24322 12.02598 10.75071 2.84396 4.41185 6.12745 7.27661 8.51451 3.49768 6.06248 5.91663 7.04972 5.47522 7.23824 9.32061 10.27901 11.47565 12.25798 11.29217 11.44582 9.46747 11.85894 13.55175 17.18395 16.15016 14.49762 16.31692 18.13390 20.41643 14.15599 15.42913 15.89208 18.87520 10.15643 11.33831 14.39192 12.61588 12.80847 16.75382 14.41147 16.66251 13.20564 15.14409 16.05132 18.41626 22.45481 18.98980 20.25095 20.84799 23.16867 9.50723 9.25318 10.59271 11.03077 13.01444 15.11774 12.85492 16.09871 14.39681 17.96651 19.24090 22.31006 22.05756 14.82076 17.54487 16.96293 19.03250 21.39399 29.12330
