96 0
0.0 1689.932429159847 2082.899912480107 2439.423714001606 2631.0998235284674 2708.128698848379 2833.880431064216 2921.4295619283484 3242.7897122170257 3582.884598372486 3176.658112058624 3824.228584313282 4126.564926471265 4074.4934984061047 4206.3058213237855 4802.393983577675 5705.068128680999 5933.2758345624 5947.416172776641 5822.954625720648 5968.40310484339 6447.359783422727 6001.954804764813 5792.146398402986 5263.441854622357 6680.782234310692 6802.64802052607 7207.468431248251 881.7933233672934 655.3480268160494 758.421258564305 924.3804776531329 2204.104244343109 1696.0863079939109 1623.9870312695775 1223.6104916926136 1327.0764066238658 1690.294607521249 2385.01340270712 2564.987207631624 2753.92629841599 2874.825670175074 3005.3391517888335 2395.8552379008115 2769.0964785248802 3478.5722169425785 3983.1460502458 4181.118541582518 3087.9593937850846 3511.5416296148346 3702.4189935806476 3752.645209038005 4031.8425627641336 4757.519719929304 3970.5992641137213 4782.405339801531 4785.752584088187 4884.4532459983275 5572.438080856771 5591.267355041098 6174.676373043885 6192.781463087832 6360.234860606364 6880.98753705111 7687.313945860372 7277.882749814618 7303.734942336997 7337.794874505359 4839.035677955835 5313.402766455997 6352.522781768959 6482.928748933526 6623.039199698513 6910.023041224568 7009.986920856912 7285.301020133838 7468.588497070537 7589.085117152523 3955.4149029117957 5921.08876202619 5913.206990843368 6083.959190570907 6236.570606646583 6949.288674578415 7199.615881589336 7216.0849028503135 7249.283981816308 7679.924859172076 7635.760616638083 7532.757817492466 7017.812101248759 8460.088951549495 8645.810995038231 8574.702751541743 9681.631694319345 8971.366468356739
1689.932429159847 0.0 524.8102578516971 815.2105823259157 968.7174066373068 1048.5359270481788 1197.2840051901837 1249.9641351297864 1623.3662796576834 1979.5927775809078 2173.813208114113 2261.3400390535066 2580.980266613031 2584.742555118303 2784.362531965785 3429.326186753899 4365.997671702484 4591.314264642922 4637.640398093586 4512.51027860228 4817.138692814117 5400.806847423625 5109.7620862116355 4999.976652002356 4508.082464248077 5743.996494019819 6049.722718406 6338.431002452324 1114.656806820727 1510.1327991729952 1634.1857057025973 1809.1136500567186 1790.6833711640627 1883.9834919834746 2072.7880010355857 2076.269951470043 2193.595957170815 2475.2617663328306 2806.5420122265855 2793.780786170232 2979.0755937283875 3009.00446348021 3065.803759706873 2269.54378560537 2435.007616321131 3064.412007855358 3478.4082246342173 3629.9896920404826 3120.5574835583207 3407.4400924905676 3888.5786558391464 3730.416295619577 3925.348574555669 4461.339064240866 4066.2352367220337 4878.524406971558 4882.546958557085 4755.347485573702 5549.8216073420335 5302.850012140688 5935.32081221011 5896.5204697034615 5954.842851090235 6457.873981805987 7059.370018287401 6893.936228390169 6987.15042840627 7037.678990406989 5134.92922271435 5653.064224403756 6396.271401900085 6544.2759235300455 6754.5969294593015 7159.555218649095 7153.413768761181 7303.762637509184 7596.19226411974 7910.453176667528 5014.076509291516 7281.324329435291 6531.283911652033 6633.230379160231 6914.096072295584 7363.065073835846 7594.360412984051 7625.622667904067 7760.3272960763625 8122.423462907046 8197.453631869035 8152.91804097065 7767.494590368869 8541.307095823095 8557.013546084394 8285.066511662137 9501.31263117983 8404.941993289156
2082.899912480107 524.8102578516971 0.0 846.1003690807069 875.4765449663533 947.2413733757201 1122.1391019915834 1084.489765460362 1527.5658835077809 1879.4031069872315 2449.1355757108754 2191.4673271007764 2512.5386522847057 2565.443311827926 2806.604933210221 3458.27028210892 4388.957088740781 4607.581915251032 4670.75729290976 4548.034328678394 4924.513521519086 5540.935778383049 5314.452471215023 5241.215022670298 4772.350506203025 5920.251723442886 6284.086259709056 6529.037240257268 1620.7012377316012 2000.84859533486 2133.8589929760833 2317.5897155184202 2251.4850965187466 2402.476623311715 2596.7869988167768 2594.1786894532124 2712.852090220179 2999.322638708482 3321.76172848645 3295.5437031111055 3477.018485503424 3497.114570590256 3544.0379498033885 2748.0067497530117 2874.3939680457456 3462.6490898702577 3841.7767200167505 3976.9566452334843 3593.971675035132 3853.927078571731 4367.042763677328 4182.714800212492 4359.815613244921 4847.827761492059 4529.935178340432 5330.518067113095 5334.592406698503 5170.36543391083 5973.110208062395 5675.807263684183 6309.693950921565 6258.569950829032 6289.747689898351 6780.923985428899 7317.140033446559 7221.075265009505 7329.780343781519 7383.653912059632 5612.090080138201 6131.122332997372 6821.834643851942 6971.483040484749 7192.04920387337 7612.860743645518 7589.340026078076 7715.532730139847 8025.541052742058 8369.44372966303 5538.48711419272 7793.098375826504 7034.300111453731 7129.042524210793 7420.8135063863865 7838.72860158195 8066.030282404082 8099.1294702894675 8246.14607490397 8597.526940614756 8687.20979729286 8649.391625600023 8277.385589203299 8954.061743340855 8934.771341398973 8619.17510659571 9849.000058195523 8663.491565814636
2439.423714001606 815.2105823259157 846.1003690807069 0.0 227.87476078347692 288.01269476180414 394.5934939402462 508.44676264895656 813.1962668399716 1166.5946087428003 1647.4666155107795 1446.340887612072 1766.5423164230722 1779.4215990131765 1995.669621418795 2646.3324926656774 3582.554312245704 3805.2568682067345 3859.688326829589 3735.5395935042843 4086.3772648259983 4697.236939461392 4470.135438823211 4404.2528250588575 3944.456156950324 5074.155701423075 5443.926109993769 5683.131006663744 1705.7056753587735 2118.726344177942 2206.94869472393 2335.8253654841933 1729.9655373609764 2113.2981619647303 2369.422907961691 2531.9248063533014 2632.053637378095 2835.0505313609588 2958.757686760502 2856.5828452884316 3014.9782696886214 2996.6053341876286 3009.81435767251 2245.390188122633 2266.021041272023 2764.037932380323 3092.3348353261986 3209.0726021905148 3044.110979799644 3231.57039053699 3814.2616732789625 3566.409762973417 3704.3288603650485 4113.668967777573 3934.235351767246 4697.007010565388 4701.145439969866 4472.043835235667 5280.566762858701 4919.795317333209 5551.500311375987 5488.384806267005 5496.504719008425 5977.63027847493 6481.902046491751 6419.1822062044575 6538.703316111369 6595.009655527714 5037.166869011345 5553.152026174201 6126.849691552768 6278.1731116290075 6514.606371805601 6962.929628888368 6906.7930384150195 6995.037198629409 7329.602265092805 7726.834463710666 5302.856523008622 7682.638355563336 6536.414821507463 6600.24476960897 6937.247220514277 7239.898234766429 7455.1586887312205 7492.780769369176 7674.016726672157 7992.135280378314 8124.8160174835475 8111.316107764347 7803.688154854133 8229.214245802565 8169.239085261237 7818.295246182414 9054.78541793744 7827.006505781695
2631.0998235284674 968.7174066373068 875.4765449663533 227.87476078347692 0.0 80.11703157884985 248.14181750420101 292.2598028267608 669.1812499456347 1027.3567724541808 1748.5761545879923 1328.2753537010265 1650.697863170934 1691.6698580692632 1931.3558627548673 2582.8856923496246 3513.634636034295 3732.68084219462 3795.2827772759724 3672.5680838360063 4058.6308607149335 4684.014128753503 4491.396823157891 4445.486480493371 4001.410148974379 5077.988312712688 5476.399931159921 5692.156652729597 1921.2866491540728 2334.921937169164 2426.984183933751 2559.593636491579 1934.315296246315 2338.1835358071216 2596.0629970513555 2759.0119884303294 2859.5823291480474 3062.5709498891715 3175.485321721207 3065.1275878905594 3219.5880051098993 3195.1642859973176 3202.1077743158694 2448.117267789951 2446.7579703669526 2911.9621083795396 3214.934752658317 3320.556421933773 3233.0581578145675 3401.939643367125 3999.2011283159923 3736.841323866416 3862.4493804698113 4239.24892766566 4108.621220644665 4858.391075741137 4862.5362300209335 4611.929803698624 5420.345253724228 5031.6106861057515 5660.511798989561 5590.600251855225 5583.246237729679 6055.455876827441 6522.6887299288255 6497.367807105781 6624.996769157224 6682.943515769604 5213.285051311406 5727.28781998435 6263.695085376444 6415.347242030524 6657.201847308581 7114.003285504522 7046.7760237805705 7119.625835916297 7463.74759311327 7878.883057318457 5525.284428301483 7909.312839195978 6725.812286042532 6783.404334902142 7128.636977626118 7405.408853239889 7617.024587510356 7655.830445032653 7845.601741943274 8154.624536189285 8298.03073833649 8290.079378097447 7995.575954416282 8349.769102534952 8269.300681980885 7895.111843122901 9135.005601455188 7863.984583134795
2708.128698848379 1048.5359270481788 947.2413733757201 288.01269476180414 80.11703157884985 0.0 175.31951745539047 220.81783144365411 590.543408448267 948.438991965698 1725.4961088532752 1251.142196177306 1573.4771076110485 1618.305592456402 1861.7425802366606 2512.739880072365 3442.0028090029004 3660.36160062476 3724.3109217084107 3601.8933714563577 3994.6833467262863 4623.033296218748 4439.098448832864 4398.795766321995 3959.7209353066223 5020.928114722089 5426.729600135418 5636.175927150196 1991.1783612247716 2404.574100496859 2494.359866851342 2623.8290731677175 1959.9802496839532 2383.323041464452 2644.632117821381 2818.0522614906695 2917.1415109629643 3113.870863258233 3210.059105192383 3092.6031421469597 3243.954369329806 3215.301858076164 3218.1923400919068 2471.8538736172777 2456.9559026347433 2905.2431613302538 3197.103622852922 3298.2574242641126 3247.069249090432 3405.485706692718 4010.2856693754716 3740.1448274949935 3859.5271508757764 4221.722971465064 4113.751135396263 4856.442915893133 4860.589292003143 4600.186989940101 5408.142573422958 5008.17839325242 5635.713452097924 5563.295183309942 5550.424990029422 6019.415145563939 6475.006902078412 6461.286029699816 6591.619587504173 6650.113571276599 5218.788747552778 5731.516350564218 6249.8790778909715 6401.617850419805 6645.758903782114 7106.262220361596 7034.054831183192 7100.3943395077495 7448.379473397193 7871.375493837793 5565.67472832176 7957.1064858556065 6738.509534411523 6792.34426548595 7142.478249653174 7404.595712660035 7614.321151013022 7653.706715386943 7847.828529403513 8152.08858294981 8301.0169407644 8296.122059006062 8009.534790900552 8328.551508643692 8240.29765148242 7858.142119925934 9098.839759502753 7814.844001012633
2833.880431064216 1197.2840051901837 1122.1391019915834 394.5934939402462 248.14181750420101 175.31951745539047 0.0 204.57321764515967 427.0920114465414 785.0939951850573 1605.8913710658633 1081.3987053269693 1403.82836567951 1443.851488331238 1686.4346545220246 2337.4233424076547 3266.895417950915 3485.466595017521 3549.075200164253 3426.618516119374 3821.012790826075 4451.079092065742 4274.6435330766235 4240.548522665238 3807.8928530861713 4851.918588736801 5264.841172811426 5468.025551941655 2088.356152560857 2499.708864975186 2581.3083127368172 2700.0768291789227 1937.4083605577339 2405.9436122449088 2675.3717888562023 2877.7699003265416 2972.2467305432997 3150.783045805258 3203.815237709447 3069.8925367024376 3213.780974547623 3175.7386054831913 3169.779140977426 2442.49176298496 2398.1697360265484 2811.4688001918585 3082.6680650581006 3176.0803256071754 3194.1493377268603 3330.644850474114 3949.854507685648 3664.2603650444203 3771.3197734527757 4106.60133870205 4040.9890739016796 4768.988198546663 4773.133092416769 4494.849542167031 5301.367806529313 4882.628800585582 5507.6342993273365 5431.320215794924 5410.164753139764 5874.4028769855995 6315.133112918628 6316.083172048791 6450.19237439545 6509.455768323106 5145.588527932558 5655.354398800709 6139.772233788115 6291.582761021211 6539.61108448991 7006.518822143296 6925.470528820005 6980.696274577452 7335.038088478762 7771.696241980632 5570.472137835463 7979.543566800207 6678.871096288422 6724.920115102472 7084.980115237887 7317.591125451643 7523.633260944897 7564.090943120133 7766.446350147693 8061.458221868101 8220.887981418278 8222.020685983662 7951.779549232254 8205.154271748452 8104.803520838891 7711.371069801428 8952.89707756076 7653.167318818929
2921.4295619283484 1249.9641351297864 1084.489765460362 508.44676264895656 292.2598028267608 220.81783144365411 204.57321764515967 0.0 454.7463362132955 796.8691971379019 1797.8445890703576 1113.6249312661926 1432.187201164686 1504.1477805918591 1766.9146717112844 2411.5964777490767 3330.282524335984 3544.4387031806823 3615.5787861998606 3494.9544402756405 3918.8879300615527 4558.697294377398 4408.516988475138 4387.992402187134 3966.4423230382367 4971.59172575865 5403.97803999461 5590.154123571106 2211.795175444617 2625.2520789202895 2715.146958704498 2843.893527280816 2136.077364748221 2587.028494785469 2852.146964996312 3035.272070385784 3133.2370920617263 3324.0996563080985 3398.077178443866 3269.1809155638825 3414.87317760805 3378.5434977939804 3373.688420241185 2643.1427085234777 2602.6628046113856 3012.161823901763 3275.323258834412 3364.2404254348057 3398.4233402920163 3534.580269550465 4154.425698331842 3868.041383948473 3973.0367837987974 4298.283966022361 4245.0457388763825 4970.6743674700765 4974.818245745471 4690.996018245059 5496.667468075581 5067.466434756452 5690.3323960065345 5610.912960447921 5581.935752464435 6040.573592323176 6457.90024900683 6481.813645127998 6620.230018716483 6680.303769783472 5349.520791859676 5858.913053074785 6333.3296841658 6485.1389276471255 6734.897019099608 7204.269598161545 7119.578940189284 7168.739433863571 7526.681358842779 7969.355484896031 5761.012765501226 8162.027630197442 6883.444163077876 6929.25069058391 7289.541800119646 7519.0649447213145 7724.1634909348095 7764.8994510610555 7969.0453146472655 8261.946516600934 8423.677862152877 8425.691689463272 8156.347695155946 8390.448343450147 8280.294671542759 7874.5663168035435 9116.706444138192 7791.423721253321
3242.7897122170257 1623.3662796576834 1527.5658835077809 813.1962668399716 669.1812499456347 590.543408448267 427.0920114465414 454.7463362132955 0.0 358.36919051955397 1544.7390726445335 663.9020268671119 985.3130305189161 1049.401445919848 1314.807843605727 1957.4217481482503 2875.6611508159617 3090.244799140983 3160.8511916698876 3040.2090310353033 3470.2432851841268 4114.455252014691 3986.4260743757927 3983.7078256424224 3582.3938895008564 4535.20347013482 4986.528680110715 5155.182413568923 2469.427867375693 2875.755592517297 2946.1996728757904 3049.235398148668 2121.8539056288355 2670.0141495321272 2950.729249285775 3200.445880166659 3286.744483917966 3432.6699453589586 3401.274709113087 3233.3152846987937 3358.660668333308 3299.2634015424446 3272.1493195570556 2600.656197684354 2487.630191248638 2798.378506567821 3001.9562988076914 3068.5104889103886 3285.134130706802 3363.2795657084157 4013.8890950472605 3690.347321252606 3762.130968476135 4013.170701187066 4071.930597290506 4753.98263825975 4758.0961453931395 4429.17924014849 5226.385654144912 4749.652178250593 5362.921825526385 5273.475751923468 5222.4909171787285 5666.9198047992595 6043.740826901828 6106.406017552099 6254.38867668641 6316.317498253154 5167.51763580708 5666.508082982672 6050.557338398038 6201.954782956578 6460.876623002388 6945.135830893903 6837.844521774754 6857.998540654012 7231.281002430168 7707.8082619114275 5775.692551238557 8213.591859589222 6728.991274662187 6754.586236081753 7138.990730647196 7291.708468077457 7486.597351842688 7529.957212525694 7754.6087809292285 8022.750437906383 8210.955221698126 8228.452625402526 8002.020186339606 8066.64076002184 7925.694802725962 7491.843967530464 8733.727048928344 7370.497323808829
3582.884598372486 1979.5927775809078 1879.4031069872315 1166.5946087428003 1027.3567724541808 948.438991965698 785.0939951850573 796.8691971379019 358.36919051955397 0.0 1559.699455814959 322.20224371780813 635.7934406903316 733.2522854806331 1021.058972391975 1643.5055078695032 2545.7942370464402 2756.209324230439 2832.92060567355 2714.2638689409177 3175.16958654225 3829.473051811937 3744.9717435197895 3770.1630698160575 3399.9323198895668 4266.131467820163 4749.017283948066 4887.398708684746 2790.3255457706755 3191.2079434376933 3252.990262679687 3343.708492015172 2307.030892272766 2904.3817685154836 3190.53497981672 3474.046746975246 3553.5848410859226 3673.494666710595 3576.666910966383 3383.7639223069946 3492.9159759852023 3417.1733012957666 3373.401029233526 2756.230118437329 2591.8031996170607 2812.379318894382 2954.6886818803223 2996.841809668787 3377.0116322616022 3406.330918630808 4075.4827777431865 3723.915982504913 3765.398005056427 3942.2310634521805 4105.535055735711 4743.303821477371 4747.360017433097 4378.229789100056 5161.782831728565 4638.775057580323 5238.238090273994 5138.082316516297 5061.8538108869725 5487.23229591384 5808.45016922611 5923.048215296547 6082.177705400174 6146.114512351409 5184.921754490024 5671.821322583724 5969.304029412403 6119.609034336891 6386.483720243281 6883.170756921092 6754.300454833558 6744.911722776554 7132.591591181703 7640.6539878487365 5942.007657788871 8395.972523432618 6761.574528375304 6769.897819449768 7173.047645944074 7258.069802209996 7442.808586966889 7488.427625438753 7730.883371680915 7975.476427904019 8187.079702990809 8218.236759268813 8029.463999939557 7935.907949751809 7761.697577727118 7295.616058119141 8534.442447589241 7122.378724824129
3176.658112058624 2173.813208114113 2449.1355757108754 1647.4666155107795 1748.5761545879923 1725.4961088532752 1605.8913710658633 1797.8445890703576 1544.7390726445335 1559.699455814959 0.0 1499.3126448570852 1607.9108833035723 1409.8153274668866 1341.4332297411036 1761.4585083299269 2580.8536966797874 2804.489882290946 2799.7814150784143 2678.196190761777 2793.9530092047944 3306.2431465864624 2950.500685856853 2826.55272825453 2336.054663188531 3602.7772364047687 3876.4872847084407 4182.173417683822 2297.751479274621 2581.862075655497 2564.0622943947074 2552.1599015422335 1124.8579401599893 1830.347189285719 2104.6617994029493 2534.2923185614222 2567.049940474183 2545.1930185592596 2212.527172001692 1961.8708934892743 2030.2475267638836 1925.8795220440709 1857.1926585144483 1391.2872989882494 1107.489433843934 1257.9820327352288 1477.4786809877553 1572.7625983863315 1848.7546314174385 1846.8643804210008 2519.4583162339677 2164.6542527647402 2219.2882993997837 2500.82906493739 2546.4929779674662 3209.3876964590872 3213.4981492873367 2896.6063316587506 3700.350920096389 3283.1821683409034 3911.97592550174 3843.8072462703667 3849.6455942339303 4334.410691693421 4887.69276509398 4775.401163689359 4891.706054502253 4947.728104662417 3631.8161512924353 4125.784472847895 4535.543206634737 4687.348683128507 4938.301796584559 5412.656477557396 5321.965164491991 5375.894872861885 5729.331235093726 6177.110153539334 4497.256133553101 6960.6322885110185 5204.0073946527855 5218.770968714571 5615.275230899156 5748.054579919819 5945.280420955129 5987.952370603257 6209.8900252804615 6482.15010065131 6666.223953045777 6684.765594528647 6473.890718590474 6603.072399740261 6524.044101653164 6174.4282519772 7408.926030655294 6234.208749108356
3824.228584313282 2261.3400390535066 2191.4673271007764 1446.340887612072 1328.2753537010265 1251.142196177306 1081.3987053269693 1113.6249312661926 663.9020268671119 322.20224371780813 1499.3126448570852 0.0 322.440394499035 417.497487425618 714.3765719514366 1323.6441431190115 2223.6472929050497 2434.4978293506606 2510.7245416861583 2392.0781738453366 2859.223241972592 3516.5616364645243 3452.7033238265017 3494.0261181578876 3145.357938204073 3959.3319524500603 4457.033806555716 4580.563546250836 3005.770321954056 3396.9044735552857 3446.9063051141325 3521.558671149418 2380.064962812501 3018.2135015094655 3307.2975565505712 3626.158683588398 3697.3874462755007 3787.5143318909554 3623.778542781028 3408.302597629127 3500.8683703300726 3410.433379461017 3351.5947863242327 2793.2500187509286 2583.106238177044 2719.1619548435156 2807.3155888780752 2828.907643594747 3346.526206159886 3331.521325182257 4011.388272263247 3637.8056380031776 3652.734094180483 3767.155623132443 4016.4776254117833 4612.544093852139 4616.53135778701 4216.517870984956 4985.594810501613 4429.529224295985 5016.809550302153 4909.3668452091115 4815.997276636834 5227.90585108146 5516.27275856977 5660.567154975423 5826.4408554893025 5891.543280376714 5075.625425583577 5550.169183046769 5777.5392408765665 5926.57636402317 6198.6865292461525 6703.48186352971 6558.654076116425 6527.791909626665 6924.9293796480115 7455.149180792397 5966.5018213898165 8429.085405981048 6659.108961113464 6652.715478905684 7070.539582809753 7099.441110753285 7275.717862318282 7322.985927121045 7578.897396025087 7804.375911010944 8033.832448630348 8075.88177076672 7918.8396692206015 7704.197712972907 7508.4443267117285 7023.339816455087 8259.03778311427 6822.725863780258
4126.564926471265 2580.980266613031 2512.5386522847057 1766.5423164230722 1650.697863170934 1573.4771076110485 1403.82836567951 1432.187201164686 985.3130305189161 635.7934406903316 1607.9108833035723 322.440394499035 0.0 236.02444036209093 513.3589290979678 1045.5007411311376 1919.2083318128775 2125.698528027797 2207.449719829237 2091.0260773025507 2587.4338637511714 3251.5183426113294 3231.4486093796095 3300.622743621752 2988.088136012598 3707.6418601162923 4233.004140000392 4327.559347989126 3296.3689219748503 3680.9029038856615 3723.7898383714924 3788.202749815131 2581.0724281172097 3243.5924262957315 3532.957088744493 3875.335945139365 3940.4974750896836 4008.5825088549313 3792.5696064922186 3559.4098288107034 3636.6535329447024 3533.716532703717 3461.508696409574 2960.6734159236294 2713.6096436496246 2765.9674282828464 2793.5471067716157 2790.6420104973604 3448.3402276231877 3390.0891466891676 4075.1580333952415 3682.042569663218 3668.803212742825 3711.222907132855 4054.748926085462 4602.3097128651125 4606.198479433364 4173.399181945193 4921.2659980659 4327.027737996648 4895.876948903358 4779.210292874061 4662.699909025064 5053.924565996556 5289.612678107956 5480.779469514168 5656.025998508384 5722.628633178509 5086.367583126243 5545.4294813720735 5691.236578364596 5838.211479472365 6115.779951763662 6628.712212253551 6465.1106085372485 6407.534081922244 6815.541433970481 7371.37648254682 6104.704137077631 8568.364343532747 6670.855786733984 6648.744471244375 7080.924301884475 7048.026883231883 7214.061833797945 7263.105264602795 7533.681713210159 7736.651658798332 7985.97438279395 8040.133028212777 7918.117723190186 7562.294151172003 7337.903322448723 6826.157097200392 8055.2459116010095 6580.802638070488
4074.4934984061047 2584.742555118303 2565.443311827926 1779.4215990131765 1691.6698580692632 1618.305592456402 1443.851488331238 1504.1477805918591 1049.401445919848 733.2522854806331 1409.8153274668866 417.497487425618 236.02444036209093 0.0 302.65898766239 911.4216952808393 1826.7709871414113 2042.9807367449025 2111.522395824007 1990.810877754526 2442.5678475257887 3099.124858149463 3043.231006639868 3096.8057690233236 2769.2553737282838 3542.520395264307 4047.069103424286 4163.684679210036 3226.525296619762 3599.7651621581695 3632.908375085861 3684.671183555735 2425.2944017345512 3102.6278938188016 3391.068812371502 3753.1068566121066 3812.31682054583 3861.5068764526804 3611.706990044077 3369.901748272462 3439.706654794097 3331.6268309624147 3254.293785142493 2781.844346905446 2517.254190690041 2541.1237749982506 2559.0088962897407 2554.741454519331 3238.178361128828 3166.9733959964788 3852.4598763963713 3455.266700142246 3437.070073547615 3475.399785672394 3826.4270998182174 4367.362387532567 4371.243252700478 3937.3778623763865 4686.006362842699 4095.8106414700705 4668.344792736833 4553.7538472640435 4443.711636651078 4842.537029869538 5105.738673778382 5271.940901060518 5443.47384801879 5509.527689734465 4853.263741935007 5310.702137746416 5458.126167316904 5605.388271602986 5882.350950912654 6394.514442925398 6233.114714877086 6180.325198687668 6586.232960714277 7138.252425669541 5905.101353449704 8367.274317371932 6437.456909515984 6413.901860165379 6847.298312709595 6812.316511446498 6978.889736370008 7027.827396165131 7297.795118694488 7501.968475995273 7750.183644946488 7804.113670970466 7683.360053866469 7340.806045323805 7125.903214833324 6625.709750718557 7858.463696717919 6408.087764045578
4206.3058213237855 2784.362531965785 2806.604933210221 1995.669621418795 1931.3558627548673 1861.7425802366606 1686.4346545220246 1766.9146717112844 1314.807843605727 1021.058972391975 1341.4332297411036 714.3765719514366 513.3589290979678 302.65898766239 0.0 651.9484558503581 1586.9399751114224 1809.770446166184 1865.5522220632295 1742.1385062610418 2157.8312562341916 2808.9274284940925 2740.9639178930765 2795.0717473354584 2474.850214152894 3246.167326220721 3744.9616815049226 3867.4612878084386 3341.8430941790543 3698.377803604669 3718.5526924839764 3752.7485135344773 2423.2353559060075 3118.604529652682 3403.3462123493446 3793.7412307762984 3843.5795485479316 3862.300068324582 3552.3533354358347 3293.9942871568323 3346.846868972053 3227.255055726004 3137.5525880496893 2732.62819845849 2432.818159432312 2375.2133486728553 2343.368113911565 2321.4992431165288 3113.7678407804465 3003.7296821993755 3687.943320498116 3277.2796584136995 3236.7576828918395 3225.7045565518497 3640.9679857068368 4143.470609003418 4147.271013504939 3693.8007894819416 4428.366014664385 3820.3120850225832 4384.605049602636 4266.726628401845 4149.507779997086 4543.5029026065195 4803.819378885362 4971.871166669619 5145.043353911969 5211.38628186813 4642.208473764862 5087.597179761615 5188.320913761702 5334.47206291048 5613.682862687174 6129.2002558036165 5959.3091761046835 5895.875506481508 6305.643770350382 6868.072305065864 5797.561628539291 8251.951609711317 6222.76130982587 6188.774151612627 6630.80787633539 6558.435891941811 6719.4772392346995 6769.269165248718 7046.676786271693 7239.025832279047 7497.1328105164175 7557.614030257595 7458.046936703845 7048.935222092587 6827.277213731139 6323.585975391496 7555.962474895463 6108.3676618285745
4802.393983577675 3429.326186753899 3458.27028210892 2646.3324926656774 2582.8856923496246 2512.739880072365 2337.4233424076547 2411.5964777490767 1957.4217481482503 1643.5055078695032 1761.4585083299269 1323.6441431190115 1045.5007411311376 911.4216952808393 651.9484558503581 0.0 937.024350712765 1162.018376408711 1213.7375672674543 1090.1950583108598 1541.948219145568 2206.6022864798924 2230.01615510535 2348.272367571881 2126.8692838308475 2668.5782422714096 3220.3007627589545 3286.8033285013285 3927.5457292600313 4264.910779733931 4270.938109062341 4284.563942901823 2885.6250545627545 3591.118294985879 3866.078457668913 4290.509403822414 4327.13547131471 4301.595321708819 3897.171793664285 3613.8596779355207 3632.852708260134 3493.0479076452357 3379.978808817318 3114.0780490608986 2762.2404439325637 2533.129625083093 2364.2383965633144 2284.901863757263 3340.386205954538 3143.330680123039 3805.7369133193524 3370.6583641746824 3269.2093043327886 3093.1119386435016 3704.764638294385 4081.8591510486626 4085.3256426435573 3572.950304743325 4239.494945047168 3560.8051346378056 4072.4777095662157 3936.4731108074384 3770.6612043137698 4115.954311962446 4269.90883660534 4528.763037348036 4719.522712843408 4788.364079397472 4612.604599119387 5013.710601769 4937.487084577334 5077.040325945561 5363.695573039807 5889.217028196896 5682.713438061911 5565.258420523083 5992.885001810151 6601.174624099566 6015.352846468892 8431.286437407654 6162.328562022706 6095.750250737733 6560.901276636136 6361.0812129953565 6499.105822114436 6551.924993914439 6855.909943868493 7000.485581679523 7295.762715108742 7380.025516770831 7353.245518323135 6665.804733547598 6390.820158689999 5839.48733934145 7056.022673483837 5545.0199125873805
5705.068128680999 4365.997671702484 4388.957088740781 3582.554312245704 3513.634636034295 3442.0028090029004 3266.895417950915 3330.282524335984 2875.6611508159617 2545.7942370464402 2580.8536966797874 2223.6472929050497 1919.2083318128775 1826.7709871414113 1586.9399751114224 937.024350712765 0.0 228.56934921755462 288.69301573257553 181.97084193667382 844.9973145497946 1484.3644088540514 1757.1689808930894 2005.947382738265 2010.215168603695 1988.8017468733915 2639.0119708044444 2572.7093838352635 4825.173638423609 5144.604574692846 5138.094303722833 5132.87483619902 3693.7020475639115 4393.369228050964 4654.348625866894 5105.576246788812 5128.866868913015 5059.312241371351 4565.028500292779 4263.667958703732 4245.6560572892 4089.050402599965 3955.0622226874057 3842.3857411475155 3454.6970151556984 3065.798562628658 2756.4748295716936 2615.2893337934747 3899.7749726091056 3614.0270683505423 4215.977964372775 3772.9026564511346 3601.2880844746296 3213.604946796156 4052.0698046123052 4242.351736591209 4245.181985338435 3676.9062671285365 4206.145977773847 3453.406903232376 3850.366236688158 3690.4285292436234 3448.290238774804 3689.4251780000877 3631.6807132613512 4058.829927899541 4275.4914238918955 4346.694042980079 4794.595481231732 5118.295651414099 4779.16115555985 4903.408832301538 5192.4278084364205 5718.1686854706495 5459.965797840841 5258.7353786115145 5704.1270341558975 6370.413336773159 6483.452287164643 8804.813790299006 6251.140898450517 6139.385078817829 6625.951746393001 6243.00537319477 6342.576695418926 6398.747431712202 6735.892275295442 6804.622216272885 7150.036801479787 7268.201978346984 7349.449532101891 6247.670593690253 5888.467484285952 5263.542410854039 6433.857305126981 4824.254107739831
5933.2758345624 4591.314264642922 4607.581915251032 3805.2568682067345 3732.68084219462 3660.36160062476 3485.466595017521 3544.4387031806823 3090.244799140983 2756.209324230439 2804.489882290946 2434.4978293506606 2125.698528027797 2042.9807367449025 1809.770446166184 1162.018376408711 228.56934921755462 0.0 146.68941626768842 168.68565798674766 801.7368099836733 1387.9880249778591 1744.2352323477742 2024.3800954745377 2087.704484806852 1895.9611406344745 2569.528961690233 2457.3788026468005 5053.212262557338 5371.365681017966 5363.757707561293 5356.639591368286 3914.3055878089385 4612.405287350518 4871.322043975574 5325.49557901475 5347.077202398515 5271.6154000898305 4764.831661920352 4461.492376271798 4437.670963893154 4278.921714668778 4142.07744443247 4052.826977745762 3661.4016602579986 3251.0456063277347 2921.657820833905 2771.5354849774603 4084.459819425688 3785.269220286076 4372.68911402236 3930.8594630592675 3747.3857392820373 3320.976373802707 4197.801246415187 4348.583490365728 4351.25596544106 3775.6915132949757 4268.9800053406725 3505.9282739733253 3869.8965451533213 3705.356447257682 3445.49580155154 3654.932459090188 3532.8604560726053 4008.5835483425058 4231.082846688254 4302.44559506671 4901.781892498207 5206.54236914852 4807.314448806958 4926.894438321963 5214.68984971879 5737.538556805899 5467.635943841023 5245.740668482347 5693.405038328212 6371.507521957946 6642.51838772698 8938.429373376292 6330.156074830917 6208.480376906219 6697.898008762025 6272.938970930911 6362.530767749616 6419.2815494405695 6763.160601763251 6812.699679686142 7169.252497860315 7295.3228055271475 7402.36749381544 6199.768512946694 5818.554529958527 5174.854624231122 6327.016018520783 4691.82918192852
5947.416172776641 4637.640398093586 4670.75729290976 3859.688326829589 3795.2827772759724 3724.3109217084107 3549.075200164253 3615.5787861998606 3160.8511916698876 2832.92060567355 2799.7814150784143 2510.7245416861583 2207.449719829237 2111.522395824007 1865.5522220632295 1213.7375672674543 288.69301573257553 146.68941626768842 0.0 125.66377042363715 655.7877914923265 1245.2212131040028 1599.3538623627744 1883.7723794694243 1963.25175031867 1753.1594084816609 2424.061031574279 2319.9802430367154 5066.085937840524 5375.759012453728 5363.285526294986 5349.56783292785 3899.923740878102 4593.760151973146 4848.169876617063 5308.28455412479 5326.0926342819885 5239.686753243717 4715.597218271636 4410.171179356236 4379.833339853823 4218.9957229187185 4079.407133981906 4019.0219069861755 3622.533624648399 3187.9669314613075 2841.971436204009 2685.628636475505 4019.576061996545 3708.859419135251 4284.579940236547 3844.1354923651743 3652.938568357371 3206.277294322178 4102.583747794681 4232.283846351695 4234.884383553525 3656.7157883699747 4136.914000688232 3371.489864002564 3728.105152336371 3562.88474019539 3300.783035998122 3508.2716727453103 3392.0039305886253 3862.1164254113232 4084.4596938516593 4155.821468470024 4785.4925415680445 5082.367318392061 4666.731130771477 4785.4394716872985 5072.954956811267 5595.223212522338 5323.713857713276 5099.849258256613 5547.635502137006 6226.716231357223 6554.389787414714 8833.311706686362 6202.226116157238 6077.424463735737 6567.55804744321 6132.330055189372 6220.197080302618 6277.029961933191 6621.977979465702 6668.648229934245 7026.683657896814 7154.026787305748 7266.510648348868 6053.310447166499 5673.637831160785 5032.441544155818 6188.487795067227 4560.66512012802
5822.954625720648 4512.51027860228 4548.034328678394 3735.5395935042843 3672.5680838360063 3601.8933714563577 3426.618516119374 3494.9544402756405 3040.2090310353033 2714.2638689409177 2678.196190761777 2392.0781738453366 2091.0260773025507 1990.810877754526 1742.1385062610418 1090.1950583108598 181.97084193667382 168.68565798674766 125.66377042363715 0.0 683.6508182265998 1308.7132153902892 1613.9666306532897 1880.6733055276502 1925.5809019466892 1814.7797936850998 2472.748675294624 2394.1558864890653 4941.736109330497 5252.702589623317 5241.149039116339 5228.89840122796 3780.997947575386 4476.193793379241 4732.0886270143465 5190.361382752879 5209.349624402183 5126.838137339745 4610.407652414641 4306.008427554944 4279.204055491691 4119.545163918584 3981.566724411761 3906.748485739859 3512.302314887758 3090.217186830963 2755.491149789411 2604.060774090317 3923.085638154493 3620.0759260507034 4204.995301999331 3763.363921196488 3578.915328901648 3154.224293912821 4029.288826526271 4182.175274515221 4184.869882408454 3610.290293762102 4111.750270944985 3351.441976001361 3727.32820300549 3564.5839456939366 3312.33669661111 3537.88755791319 3457.1531235261446 3900.681409907336 4119.866638624849 4191.165186990386 4735.319399523943 5043.35668943866 4661.7409356831195 4783.160383236889 5071.52408818619 5595.669526917291 5330.60121661479 5118.183209944544 5564.8685592442625 6237.612865676961 6474.915099662081 8769.865868232106 6169.179446108549 6049.977687878791 6538.724399434339 6127.072898714228 6220.571924504558 6277.101766893178 6618.408125222407 6675.805921165939 7027.755228325103 7150.727446705088 7248.762523719669 6091.142098401522 5723.361215421505 5092.221798273723 6257.957093783102 4643.622713149871
5968.40310484339 4817.138692814117 4924.513521519086 4086.3772648259983 4058.6308607149335 3994.6833467262863 3821.012790826075 3918.8879300615527 3470.2432851841268 3175.16958654225 2793.9530092047944 2859.223241972592 2587.4338637511714 2442.5678475257887 2157.8312562341916 1541.948219145568 844.9973145497946 801.7368099836733 655.7877914923265 683.6508182265998 0.0 670.1586688140703 945.106599284195 1245.480721621496 1407.3832940777795 1158.9402613588284 1794.3499762851538 1763.0797577510925 5091.279615763762 5359.368864632406 5325.325275927298 5282.310556034853 3821.704063126906 4484.640190940545 4715.29518318768 5196.243136336409 5196.995822115972 5062.704285134392 4467.406550949773 4156.671753418081 4097.284088280148 3929.2602572608575 3779.2662068847403 3851.0316482617513 3439.347378562834 2903.1724140216197 2487.567826101048 2305.5681231617796 3710.253266650261 3351.5488654996275 3866.049975785265 3437.2472201440833 3213.0113680708478 2677.6956866034743 3653.772052745937 3687.9923433853105 3690.261904158267 3104.3747847320606 3525.9391068396917 2753.1333949737646 3081.3433033999336 2914.1102689484046 2646.2765650191227 2855.756665447015 2798.3865370420276 3217.083411089932 3436.314724263452 3507.623324677193 4238.3139748502435 4500.903683732134 4023.2111180308616 4139.099546946667 4425.644242944824 4946.076248322281 4670.571571248665 4444.0730450322135 4891.849135827348 5571.853384711561 6119.148095853725 8318.92493739162 5603.199696040373 5466.618572073767 5958.773568086154 5487.998263259087 5570.8473082125165 5627.8899552237735 5975.76566621022 6015.101159284124 6376.557571300347 6507.341157765356 6637.13216679313 5407.492067211589 5043.470458528451 4422.398826365074 5602.515005679149 4025.893339437802
6447.359783422727 5400.806847423625 5540.935778383049 4697.236939461392 4684.014128753503 4623.033296218748 4451.079092065742 4558.697294377398 4114.455252014691 3829.473051811937 3306.2431465864624 3516.5616364645243 3251.5183426113294 3099.124858149463 2808.9274284940925 2206.6022864798924 1484.3644088540514 1387.9880249778591 1245.2212131040028 1308.7132153902892 670.1586688140703 0.0 669.7071255162069 1036.1622246655393 1431.1369174043095 507.9886932990039 1194.3812273428528 1094.5582507743238 5582.352041202165 5818.272816523321 5768.764054012413 5703.914881649385 4259.146960710312 4885.120500816013 5092.075476348915 5582.949078944733 5569.325726706701 5394.897824873002 4742.515037846435 4433.332411946075 4345.429890878957 4174.061489602913 4016.989698641157 4215.104939603912 3800.996117295249 3187.2994196289683 2716.2262804349225 2514.848910508781 3939.955207059515 3537.883797677559 3958.1007443881804 3558.287426863075 3296.8345318948245 2641.457022482193 3709.5515180083366 3583.60446051207 3585.1682527648118 3002.901171322232 3271.738595505466 2500.170036900048 2701.253934630738 2525.4389253356576 2211.850907461292 2327.1141060635746 2148.585016636074 2648.095233996171 2878.2429898953715 2949.3763518819337 4114.777928468372 4300.817835127797 3643.4874837984535 3743.4221457122067 4021.2577386639873 4525.973292431837 4223.497547882737 3948.439961054281 4397.456395414164 5099.357639298537 6144.051827794087 8199.570983724472 5346.161052683176 5181.014609611276 5673.305351585338 5088.992311530411 5144.722229864408 5202.628501701401 5564.0731875573265 5555.466663137641 5940.731028503497 6089.960666070206 6286.578508389757 4833.963301148777 4434.18812733242 3787.2203310793448 4949.5587760800445 3356.5043141540064
6001.954804764813 5109.7620862116355 5314.452471215023 4470.135438823211 4491.396823157891 4439.098448832864 4274.6435330766235 4408.516988475138 3986.4260743757927 3744.9717435197895 2950.500685856853 3452.7033238265017 3231.4486093796095 3043.231006639868 2740.9639178930765 2230.01615510535 1757.1689808930894 1744.2352323477742 1599.3538623627744 1613.9666306532897 945.106599284195 669.7071255162069 0.0 367.11119285943505 804.0971216927496 681.9273952269764 1004.3804643425258 1231.6953220205542 5158.762390123486 5358.043196642006 5294.035617038072 5210.004032587778 3797.9744921560095 4381.9412667408915 4567.704881236825 5061.428904889103 5037.041924700055 4836.333583927957 4155.597064846826 3850.2114432211274 3748.0012142507485 3576.6474321597416 3417.686759185085 3691.984286465412 3282.8679964044463 2627.390159331635 2134.6201193977804 1928.2813138306883 3337.537133480173 2920.1766061907306 3305.3964333579515 2916.1649880736613 2646.0672851805075 1973.4532718431446 3050.114979629964 2916.3302595315818 2917.965017335501 2334.42136353644 2640.6096440929146 1864.1604553257175 2141.898891115213 1972.5132434852294 1701.4481522767726 1937.7125893427838 2063.802773990454 2324.4599767386576 2531.658418528031 2602.372854492118 3450.7338144492405 3654.081516241566 3086.3515119569 3198.97919884887 3484.3709336925026 4003.0217623938747 3725.4835591994743 3504.21863447281 3950.9818878288233 4627.365431318523 5476.1590480045115 7539.54228256485 4722.322570677709 4569.766646108061 5062.941104380551 4549.013416068415 4627.502155600793 4684.68221815489 5034.809122528633 5070.000785962254 5432.591524959621 5565.815488254556 5713.559139701327 4502.257119772449 4178.518695332705 3609.5459480420304 4828.271267448947 3384.164868967556
