96 0
0.00000 15.73674 19.07202 22.75181 24.69144 25.71616 27.04510 27.51444 30.97529 34.26780 29.71014 36.74903 39.97276 39.19215 40.62089 46.75653 55.38671 57.92264 57.63428 56.61733 56.64235 60.64186 55.63590 53.45940 48.53410 61.84342 62.05867 66.47658 8.49869 6.05186 7.03557 8.52075 20.38966 15.46162 14.77563 11.18356 11.92846 15.32718 21.44094 23.42010 24.94636 25.86609 26.97573 22.12304 25.41027 31.71269 36.53669 38.42012 27.81117 31.68114 33.03006 33.66272 36.33463 42.92161 35.58818 42.78755 42.80529 43.93519 49.79279 50.48294 55.45745 55.73219 57.38574 61.83169 69.64820 65.40459 65.74708 65.92428 43.11593 47.24774 56.85728 58.11398 59.48303 62.20706 63.08754 65.58397 67.10462 68.61816 35.03236 52.85934 52.86439 54.68646 56.13014 62.51639 65.13822 65.49203 65.92005 69.61887 69.62573 68.47745 63.54802 76.65534 77.99227 77.24490 87.74164 80.82797
15.73674 0.00000 4.51136 7.96492 9.52161 10.57045 12.23638 12.28416 16.54246 20.11271 21.26362 23.09930 26.71177 26.48008 28.70179 35.50716 44.88443 47.52122 47.59428 46.43181 47.93801 53.09596 49.22645 47.76965 43.03144 55.28646 57.01992 60.67354 10.00544 13.80855 14.82467 16.55037 16.85624 17.26171 18.83169 18.83716 19.87022 22.39391 25.47401 25.72265 27.29405 27.40615 28.00080 21.09385 22.74200 28.49658 32.81856 34.23380 28.57122 31.32897 35.30159 34.17333 36.15403 41.19021 37.08435 44.30459 44.32600 43.59679 50.34342 48.98517 54.36686 54.11299 55.06394 59.41705 65.81486 63.36638 64.19368 64.44734 46.26658 50.82671 58.00898 59.37389 61.32034 64.95677 64.93556 66.47495 68.82630 71.70814 44.72146 65.27624 58.63979 59.86192 62.32358 66.49153 68.85983 69.34278 70.54125 73.59723 74.56077 73.83156 70.10965 77.89263 78.00638 75.93613 87.07145 77.61452
19.07202 4.51136 0.00000 8.59835 9.24533 10.16319 12.08593 11.51512 16.39618 19.99282 23.94615 23.22959 26.96354 27.07847 29.65043 36.58131 46.09722 48.73527 48.95015 47.74786 49.77202 55.23407 51.73954 50.49180 45.87006 57.68758 59.79988 63.22640 14.35282 17.99441 19.10059 20.90390 20.89276 21.73779 23.34078 23.27868 24.31745 26.89396 29.93404 30.08616 31.63844 31.68468 32.22229 25.26615 26.64577 32.13052 36.25033 37.53879 32.75638 35.33622 39.54280 38.24193 40.10638 44.83634 41.22837 48.38074 48.40240 47.43380 54.24565 52.58024 57.98318 57.63939 58.45220 62.75176 68.80527 66.74557 67.65821 67.92425 50.50190 55.07697 61.94256 63.31450 65.32688 69.05875 68.92691 70.32776 72.78475 75.82608 49.22252 69.65916 63.03510 64.21245 66.73700 70.71928 73.05504 73.54980 74.81886 77.80575 78.85729 78.16448 74.53202 81.74993 81.67428 79.38272 90.58971 80.67201
22.75181 7.96492 8.59835 0.00000 2.11249 3.03145 4.34670 4.82830 8.58530 12.14780 15.95877 15.16320 18.81441 18.71190 21.14185 28.04849 37.54090 40.18060 40.37015 39.17327 41.18750 46.71038 43.38597 42.28108 37.77438 49.26290 51.60537 54.87247 15.32081 19.34084 19.94999 21.18583 15.73234 18.99000 21.18289 22.72817 23.64760 25.32076 26.49069 25.84034 27.21285 26.89697 27.14857 20.29438 20.68646 25.32340 28.98322 30.05423 27.51090 29.38852 34.36140 32.42446 33.89772 37.84162 35.61707 42.42571 42.44792 40.82329 47.72996 45.41917 50.82500 50.32638 50.92032 55.12588 60.76872 59.16611 60.20052 60.48461 45.11895 49.70949 55.45094 56.83268 59.01378 63.01754 62.55074 63.59184 66.30013 69.80375 47.02083 68.66477 58.39946 59.27767 62.20794 65.13518 67.32651 67.86531 69.43353 72.10644 73.54310 73.04356 70.02423 74.98018 74.51309 71.86195 83.15215 72.67648
24.69144 9.52161 9.24533 2.11249 0.00000 1.05000 2.85727 2.82455 7.21443 10.82732 16.65267 14.00883 17.73132 17.84092 20.47765 27.42179 36.95978 39.59285 39.86249 38.64634 40.95913 46.64676 43.57511 42.61489 38.21719 49.35434 51.93356 55.04103 17.39475 21.42028 22.04844 23.29666 17.47743 21.01006 23.23219 24.83572 25.75166 27.38829 28.39593 27.63911 28.97399 28.59627 28.79042 22.01478 22.17978 26.50386 29.94890 30.90966 29.11430 30.80972 35.94079 33.86260 35.21949 38.87646 37.09191 43.78530 43.80760 41.98789 48.90506 46.35999 51.75316 51.18802 51.67591 55.82418 61.20627 59.88171 60.97534 61.26767 46.61477 51.19708 56.61608 57.99832 60.22890 64.30641 63.74023 64.65928 67.44918 71.08833 48.99803 70.71346 60.02430 60.84144 63.84713 66.54228 68.69387 69.24330 70.88298 73.47525 75.00428 74.54893 71.65744 76.02054 75.40212 72.59003 83.90949 73.12891
25.71616 10.57045 10.16319 3.03145 1.05000 0.00000 1.94023 1.80422 6.24135 9.84957 16.45624 13.06654 16.80107 16.97520 19.67574 26.62151 36.16646 38.79556 39.09296 37.87078 40.29296 46.04286 43.08091 42.18670 37.84400 48.81387 51.49661 54.53105 18.35225 22.37201 22.97307 24.18358 17.90541 21.68126 23.93936 25.66068 26.56328 28.12023 28.93733 28.08803 29.39082 28.96572 29.11713 22.41160 22.41697 26.53708 29.85385 30.75344 29.41301 30.98307 36.21457 34.04299 35.32425 38.80798 37.29306 43.90598 43.92831 41.99106 48.90942 46.23305 51.61584 51.01520 51.44712 55.56380 60.81582 59.62827 60.75194 61.04844 46.82278 51.39700 56.61043 57.99232 60.25143 64.37242 63.74607 64.59365 67.42982 71.14956 49.60198 71.40513 60.31720 61.09005 64.14945 66.68272 68.80794 69.36403 71.05010 73.58892 75.17821 74.75298 71.95330 75.93603 75.23428 72.33847 83.67013 72.74152
27.04510 12.23638 12.08593 4.34670 2.85727 1.94023 0.00000 1.67908 4.36394 7.97599 15.14718 11.15314 14.87976 15.03506 17.74437 24.68952 34.23561 36.86346 37.16976 35.94550 38.42408 44.21794 41.35442 40.52868 36.25048 47.04182 49.82497 52.78553 19.40825 23.39142 23.89781 24.98520 17.65904 21.92990 24.26200 26.27865 27.14183 28.48766 28.86524 27.82693 29.06118 28.54489 28.61435 22.07208 21.77699 25.53115 28.64054 29.44962 28.85697 30.19791 35.59554 33.26262 34.41301 37.61855 36.54228 43.00781 43.03017 40.90639 47.81925 44.95062 50.31464 49.66524 50.02212 54.09595 59.19134 58.16741 59.32929 59.63110 46.07000 50.62531 55.49887 56.87936 59.18106 63.36817 62.64792 63.38782 66.29148 70.13432 49.62728 71.61838 59.70380 60.39610 63.55072 65.79867 67.87915 68.44593 70.20868 72.65726 74.34647 73.97309 71.33824 74.69825 73.88027 70.87561 82.21995 71.11744
27.51444 12.28416 11.51512 4.82830 2.82455 1.80422 1.67908 0.00000 5.02025 8.53759 16.80741 11.84314 15.59210 15.94395 18.79141 25.71708 35.26060 37.87716 38.23792 37.00355 39.66264 45.53504 42.79471 42.02801 37.79478 48.43056 51.31075 54.20245 20.14624 24.16283 24.74921 25.93397 19.17587 23.23038 25.52402 27.35963 28.24964 29.72693 30.32374 29.35771 30.61576 30.12734 30.21934 23.62556 23.41067 27.20979 30.30946 31.10399 30.47524 31.85942 37.22970 34.92402 36.08794 39.28903 38.20001 44.68237 44.70473 42.58434 49.49677 46.60641 51.96608 51.30539 51.63985 55.69727 60.70966 59.77092 60.94662 61.25019 47.72913 52.28741 57.17506 58.55542 60.85916 65.04722 64.32473 65.05463 67.96545 71.81339 51.05001 72.95231 61.33989 62.04718 65.18406 67.47299 69.55622 70.12246 71.87955 74.33452 76.01651 75.63733 72.97541 76.35993 75.51727 72.47699 83.82541 72.63428
30.97529 16.54246 16.39618 8.58530 7.21443 6.24135 4.36394 5.02025 0.00000 3.61292 14.08793 6.84574 10.59217 10.93491 13.84499 20.74393 30.27833 32.88837 33.27822 32.03836 34.86927 40.85864 38.41051 37.84304 33.81733 43.89914 47.05412 49.73284 23.04206 26.93529 27.30099 28.19172 19.14464 24.25173 26.67588 29.17626 29.96390 30.92514 30.45235 29.03458 30.10149 29.39143 29.27421 23.22668 22.26083 25.00356 27.48140 28.01252 29.39004 30.15950 35.89359 33.19534 34.00111 36.42461 36.51205 42.55265 42.57492 39.97549 46.82866 43.43869 48.72082 47.93142 48.06079 51.98698 56.55964 56.06711 57.34241 57.65941 45.95904 50.44152 54.41409 55.78530 58.19298 62.54066 61.57367 62.01689 65.09769 69.25856 51.24354 73.54423 59.86308 60.35953 63.73113 65.27308 67.23344 67.82596 69.77788 71.99153 73.92933 73.68561 71.45672 73.21010 72.06211 68.73840 80.10202 68.46405
34.26780 20.11271 19.99282 12.14780 10.82732 9.84957 7.97599 8.53759 3.61292 0.00000 14.09401 3.34934 7.08001 7.70232 10.81902 17.56986 27.04446 29.62969 30.09920 28.84802 32.00791 38.15629 36.10452 35.77848 32.01719 41.38433 44.86337 47.27913 26.17037 29.97948 30.24752 30.99719 20.90172 26.48598 28.94169 31.75842 32.48602 33.16224 32.06464 30.37743 31.29992 30.44934 30.18722 24.63530 23.17989 25.03106 26.91480 27.19118 30.20073 30.49619 36.42995 33.46512 33.97442 35.70385 36.77329 42.40491 42.42694 39.44695 46.19793 42.38204 47.56055 46.65385 46.58376 50.36210 54.45916 54.43369 55.80297 56.13201 46.07293 50.46723 53.66190 55.01901 57.50633 61.97292 60.80099 60.99053 64.21169 68.62846 52.72157 75.19916 60.12755 60.46038 63.99850 64.94919 66.80263 67.41487 69.51899 71.53000 73.67029 73.53516 71.64870 72.05164 70.62520 67.03564 78.39259 66.31546
29.71014 21.26362 23.94615 15.95877 16.65267 16.45624 15.14718 16.80741 14.08793 14.09401 0.00000 13.70184 14.72761 12.95222 12.67267 17.54160 25.70703 28.22223 27.92671 26.90768 27.27074 31.99940 27.96284 26.56749 21.92443 34.03531 35.86243 39.41477 21.34963 23.99040 23.59183 23.42061 10.30854 16.74273 19.01839 22.94287 23.31845 22.73757 19.71241 17.46554 18.06538 16.99939 16.53172 12.27223 9.79772 10.97787 13.52562 14.30780 16.41974 16.40869 22.38904 19.37114 19.96601 22.50907 22.68016 28.48465 28.50688 25.93318 32.81635 29.80503 35.17514 34.55900 35.02455 39.19093 44.88109 43.24162 44.32281 44.61500 32.01480 36.44762 40.45247 41.82955 44.18861 48.48491 47.61131 48.25320 51.20557 55.21922 39.60827 62.24985 46.04023 46.41452 49.91156 51.18596 53.14885 53.73969 55.69753 57.90958 59.84961 59.62977 57.57828 59.55252 58.77816 55.94690 67.25976 56.76940
36.74903 23.09930 23.22959 15.16320 14.00883 13.06654 11.15314 11.84314 6.84574 3.34934 13.70184 0.00000 3.74903 4.46055 7.67919 14.28606 23.72465 26.30133 26.79573 25.54143 28.85229 35.08155 33.29478 33.14528 29.60762 38.42012 42.11016 44.34386 28.48068 32.16348 32.31503 32.89897 21.87332 27.82743 30.28667 33.40940 34.06695 34.43816 32.72328 30.79342 31.56647 30.59211 30.19611 25.19886 23.31004 24.29678 25.61010 25.65576 30.11311 29.96352 36.02007 32.83722 33.07104 34.16900 36.10665 41.32777 41.34944 38.05255 44.67742 40.51924 45.58975 44.59095 44.36142 48.01277 51.75029 52.06768 53.50598 53.84357 45.20977 49.50359 52.00858 53.34943 55.89634 60.45144 59.10968 59.08920 62.41816 67.03880 53.11505 75.70816 59.34357 59.52772 63.20580 63.62956 65.38640 66.01419 68.24519 70.07745 72.38785 72.34764 70.76917 70.02247 68.38009 64.59462 75.93291 63.55761
39.97276 26.71177 26.96354 18.81441 17.73132 16.80107 14.87976 15.59210 10.59217 7.08001 14.72761 3.74903 0.00000 2.06981 4.95213 10.86522 20.15576 22.70214 23.26668 22.00646 25.63516 31.99020 30.64863 30.77267 27.59746 35.50401 39.51130 41.45714 31.60315 35.16594 35.22059 35.66108 23.93606 30.13802 32.57555 35.94914 36.53957 36.62822 34.33251 32.17975 32.78994 31.69859 31.16639 26.81350 24.52530 24.54682 25.14838 24.90089 30.98130 30.34320 36.46515 33.07069 32.98184 33.29572 36.25973 40.95379 40.97488 37.31858 43.73854 39.17005 44.06899 42.95355 42.51051 45.97202 49.18830 49.98964 51.51753 51.86565 45.06199 49.21276 50.86554 52.18028 54.79194 59.44096 57.89203 57.60481 61.06135 65.92466 54.31743 76.96483 59.21913 59.22917 63.05775 62.85585 64.49004 65.13501 67.51357 69.12426 71.63535 71.70905 70.49804 68.34559 66.42395 62.38215 73.67627 60.90127
39.19215 26.48008 27.07847 18.71190 17.84092 16.97520 15.03506 15.94395 10.93491 7.70232 12.95222 4.46055 2.06981 0.00000 3.26075 9.86880 19.36669 21.96627 22.40349 21.15477 24.39338 30.64192 29.01562 29.01513 25.71159 34.03091 37.86073 39.96753 30.75492 34.20526 34.18579 34.52450 22.46600 28.75716 31.17457 34.67346 35.22402 35.16664 32.63791 30.41639 30.97645 29.85529 29.28943 25.14481 22.73475 22.54372 23.08148 22.83203 29.08053 28.35004 34.47518 31.05383 30.93168 31.23300 34.23069 38.88630 38.90736 35.25124 41.68218 37.15448 42.08285 40.98898 40.59392 44.10933 47.52444 48.14005 49.64186 49.98710 43.00359 47.14695 48.82845 50.14632 52.75168 57.39278 55.86491 55.61672 59.05361 63.88719 52.47070 75.12087 57.15981 57.16230 60.99674 60.79260 62.43382 63.07773 65.44880 67.07257 69.57170 69.64140 68.43141 66.39703 64.54349 60.58072 71.89296 59.28683
40.62089 28.70179 29.65043 21.14185 20.47765 19.67574 17.74437 18.79141 13.84499 10.81902 12.67267 7.67919 4.95213 3.26075 0.00000 6.94592 16.49125 19.11987 19.44659 18.21378 21.19473 27.40237 25.77162 25.83032 22.66088 30.77096 34.62346 36.70685 32.12807 35.37508 35.23063 35.38690 22.76886 29.18312 31.53697 35.27045 35.73745 35.36758 32.27165 29.86417 30.26023 29.04569 28.36212 24.91664 22.17373 21.09568 21.03000 20.55985 28.06296 26.91131 33.02067 29.45773 29.07577 28.80069 32.53739 36.75777 36.77830 32.89001 39.16154 34.40433 39.23041 38.08040 37.58806 41.02424 44.29276 45.03919 46.57306 46.92211 41.02001 45.04187 46.16831 47.46895 50.10676 54.79488 53.15193 52.76488 56.26286 61.22183 51.55515 74.17792 55.14306 55.02197 58.95360 58.33193 59.89608 60.54939 63.00728 64.49551 67.11189 67.25250 66.28726 63.44720 61.48031 57.43182 68.72937 56.04063
46.75653 35.50716 36.58131 28.04849 27.42179 26.62151 24.68952 25.71708 20.74393 17.56986 17.54160 14.28606 10.86522 9.86880 6.94592 0.00000 9.54738 12.17406 12.53970 11.29574 14.84320 21.30023 20.73698 21.47766 19.39188 25.02952 29.54651 30.98720 38.26686 41.27371 40.99035 40.92879 27.83837 34.25703 36.48005 40.47541 40.82388 40.01440 36.07517 33.40610 33.49413 32.14138 31.25440 29.15210 25.97804 23.25151 21.69971 20.61796 30.78766 28.78737 34.65050 30.87020 29.85491 27.90123 33.61218 36.55584 36.57434 32.08513 37.67487 32.17358 36.47413 35.09487 34.13823 37.08774 39.19986 40.96364 42.66865 43.03556 41.13286 44.74399 44.06879 45.28843 48.01332 52.81939 50.77366 49.83827 53.55468 58.94963 54.01649 76.40212 54.95952 54.49155 58.65838 56.78794 58.08196 58.76164 61.48640 62.51156 65.50195 65.86845 65.64523 60.01307 57.49815 52.96083 64.10941 50.69275
55.38671 44.88443 46.09722 37.54090 36.95978 36.16646 34.23561 35.26060 30.27833 27.04446 25.70703 23.72465 20.15576 19.36669 16.49125 9.54738 0.00000 2.64030 3.18680 1.94427 7.67626 13.99366 16.00331 18.01966 18.26079 18.28296 23.86579 23.95955 46.96249 49.69707 49.27302 48.98637 35.69899 41.95312 43.99580 48.18814 48.40649 47.14662 42.41036 39.55725 39.31200 37.86990 36.80676 36.17917 32.73831 28.57817 25.58956 23.94666 36.18304 33.36878 38.59607 34.77893 33.07708 29.13462 36.94679 38.09429 38.10905 33.09790 37.37780 31.13533 34.35149 32.69382 31.04849 33.02948 33.05492 36.50674 38.43063 38.81362 42.86164 45.77596 42.58002 43.63279 46.39023 51.22359 48.64283 46.90884 50.85442 56.76959 58.32802 80.07108 55.82756 54.89738 59.28544 55.71306 56.58832 57.29070 60.33986 60.67857 64.15087 64.83232 65.65327 56.07003 52.75303 47.52363 58.25896 43.84385
57.92264 47.52122 48.73527 40.18060 39.59285 38.79556 36.86346 37.87716 32.88837 29.62969 28.22223 26.30133 22.70214 21.96627 19.11987 12.17406 2.64030 0.00000 1.58710 1.52899 7.11861 12.79084 15.80062 18.16604 19.09736 17.17685 23.04361 22.60682 49.51437 52.20356 51.75654 51.43174 38.13694 44.34800 46.35423 50.57366 50.76799 49.42695 44.55200 41.67521 41.36575 39.91377 38.82207 38.47472 35.00335 30.61634 27.38921 25.66224 38.17114 35.21392 40.26250 36.46928 34.63418 30.28254 38.49069 39.20258 39.21627 34.13231 38.01966 31.65728 34.51715 32.79989 30.97008 32.61602 31.92558 35.92304 37.89898 38.28354 43.97558 46.69244 42.84114 43.83748 46.58292 51.39217 48.67359 46.71519 50.70402 56.74025 59.97877 81.51519 56.64273 55.59554 60.02148 56.00383 56.75684 57.46224 60.58886 60.73161 64.32684 65.09406 66.19868 55.51563 51.96153 46.53260 57.08417 42.38207
57.63428 47.59428 48.95015 40.37015 39.86249 39.09296 37.16976 38.23792 33.27822 30.09920 27.92671 26.79573 23.26668 22.40349 19.44659 12.53970 3.18680 1.58710 0.00000 1.26289 5.53362 11.28628 14.22000 16.61628 17.69560 15.65964 21.48500 21.16001 49.26581 51.86136 51.37439 50.98929 37.69682 43.84068 45.79850 50.04848 50.21224 48.77909 43.77436 40.88021 40.51807 39.06008 37.94767 37.85524 34.35667 29.77410 26.38783 24.61483 37.27713 34.22513 39.15963 35.38469 33.48080 28.95807 37.32541 37.85305 37.86635 32.76279 36.53794 30.15464 32.95707 31.23406 29.39011 31.03012 30.42601 34.34555 36.31846 36.70299 42.62417 45.27626 41.28999 42.27913 45.02260 49.82840 47.09794 45.12905 49.11885 55.16000 58.85223 80.27907 55.19447 54.11894 58.55249 54.45374 55.19233 55.89796 59.03285 59.15649 62.76229 63.53905 64.68763 53.93820 50.40731 45.00903 55.60219 40.98201
56.61733 46.43181 47.74786 39.17327 38.64634 37.87078 35.94550 37.00355 32.03836 28.84802 26.90768 25.54143 22.00646 21.15477 18.21378 11.29574 1.94427 1.52899 1.26289 0.00000 6.13717 12.22766 14.71658 16.95072 17.67784 16.56482 22.27742 22.16151 48.22903 50.87067 50.40450 50.05238 36.75664 42.94056 44.92826 49.15989 49.34251 47.96923 43.05757 40.17654 39.85635 38.40316 37.30785 37.02496 33.54407 29.10676 25.86103 24.13330 36.65386 33.68667 38.73516 34.94108 33.11202 28.80965 36.96991 37.74012 37.75401 32.68241 36.66654 30.33536 33.31595 31.61949 29.86027 31.65368 31.34522 35.04492 36.99647 37.38048 42.51329 45.27210 41.61036 42.62711 45.37796 50.19759 47.53015 45.66259 49.63454 55.62295 58.45276 80.00659 55.24898 54.23232 58.64888 54.76706 55.56377 56.26824 59.36774 59.58292 63.13272 63.86936 64.88144 54.63113 51.19729 45.87719 56.54060 42.02169
56.64235 47.93801 49.77202 41.18750 40.95913 40.29296 38.42408 39.66264 34.86927 32.00791 27.27074 28.85229 25.63516 24.39338 21.19473 14.84320 7.67626 7.11861 5.53362 6.13717 0.00000 6.56921 8.69254 11.20016 12.93952 10.69217 16.19084 16.50908 48.47154 50.71653 50.09151 49.49491 36.34143 42.17388 43.93992 48.26582 48.31899 46.56540 41.12909 38.19717 37.64457 36.17846 35.00062 35.84821 32.29798 27.06096 23.12524 21.20779 34.26416 30.89006 35.34842 31.67402 29.52574 24.37830 33.29294 33.12361 33.13541 27.98173 31.32485 24.87912 27.48007 25.74072 23.86164 25.52900 25.42224 28.90819 30.85966 31.24373 37.87048 40.28106 35.83664 36.80396 39.54111 44.33654 41.57707 39.59711 43.58545 49.63033 54.86298 75.86283 50.07253 48.90146 53.35719 48.99970 49.69784 50.40398 53.56100 53.63619 57.26694 58.06939 59.35096 48.49396 45.09111 39.85039 50.62386 36.40567
60.64186 53.09596 55.23407 46.71038 46.64676 46.04286 44.21794 45.53504 40.85864 38.15629 31.99940 35.08155 31.99020 30.64192 27.40237 21.30023 13.99366 12.79084 11.28628 12.22766 6.56921 0.00000 6.26997 9.39828 13.34934 4.39557 10.45880 9.97811 52.72628 54.62656 53.87531 53.07523 40.25532 45.67647 47.21315 51.56092 51.49397 49.40332 43.53410 40.61332 39.82681 38.38417 37.14888 39.10914 35.58972 29.76680 25.29232 23.28395 36.34309 32.61636 36.19363 32.79353 30.30530 24.13683 33.80941 32.19226 32.20006 27.09039 29.02103 22.54208 23.94758 22.11094 19.79355 20.55028 19.13983 23.50888 25.54607 25.92959 36.76442 38.48980 32.31118 33.10951 35.76318 40.42499 37.37284 34.90566 38.94822 45.20450 55.06503 75.09210 47.76872 46.29180 50.78212 45.32682 45.72258 46.42855 49.73756 49.36054 53.24082 54.23587 56.20047 43.03770 39.26010 33.74703 44.32050 29.87908
55.63590 49.22645 51.73954 43.38597 43.57511 43.08091 41.35442 42.79471 38.41051 36.10452 27.96284 33.29478 30.64863 29.01562 25.77162 20.73698 16.00331 15.80062 14.22000 14.71658 8.69254 6.26997 0.00000 3.13984 7.38055 6.21206 8.86803 11.48882 47.96605 49.58929 48.75439 47.82522 35.34712 40.42924 41.81587 46.14829 46.01483 43.76364 37.73625 34.83922 33.96474 32.54127 31.29325 33.77627 30.31938 24.25387 19.60181 17.60023 30.46760 26.64828 29.99333 26.65841 24.11650 17.86786 27.57208 25.98370 25.99214 20.86164 23.19946 16.69262 18.84670 17.08284 15.17016 17.04787 18.55039 20.64215 22.50857 22.88904 30.59768 32.50788 27.23048 28.16343 30.89004 35.67049 32.88531 30.94626 34.91937 40.94001 48.79521 68.90751 42.00670 40.67134 45.15259 40.38154 41.02761 41.73419 44.91696 44.94447 48.59468 49.42681 50.90185 40.12993 37.07544 32.26876 43.37525 30.27161
53.45940 47.76965 50.49180 42.28108 42.61489 42.18670 40.52868 42.02801 37.84304 35.77848 26.56749 33.14528 30.77267 29.01513 25.83032 21.47766 18.01966 18.16604 16.61628 16.95072 11.20016 9.39828 3.13984 0.00000 4.92740 8.65610 9.32464 13.07762 45.96730 47.40755 46.52031 45.50814 33.30889 38.13680 39.41536 43.72543 43.54646 41.18719 35.05637 32.18510 31.24414 29.83992 28.58549 31.45259 28.06071 21.85820 17.10500 15.13577 27.74631 23.86137 26.97933 23.71648 21.12251 14.75807 24.51599 22.84851 22.85709 17.72303 20.24640 13.75486 16.36532 14.68028 13.09278 15.63227 18.71670 19.48621 21.20529 21.57521 27.47341 29.45706 24.67514 25.67801 28.42765 33.24715 30.62323 28.99195 32.89426 38.75364 45.67652 65.77517 39.04821 37.78263 42.25353 37.83821 38.61340 39.31774 42.42472 42.66217 46.18212 46.92898 48.15603 38.66827 36.02094 31.64008 42.90819 30.62547
48.53410 43.03144 45.87006 37.77438 38.21719 37.84400 36.25048 37.79478 33.81733 32.01719 21.92443 29.60762 27.59746 25.71159 22.66088 19.39188 18.26079 19.09736 17.69560 17.67784 12.93952 13.34934 7.38055 4.92740 0.00000 13.44376 13.99316 17.99374 41.04766 42.48225 41.60012 40.60308 28.38758 33.22475 34.53396 38.85376 38.69491 36.39921 30.35571 27.45932 26.58793 25.16220 23.91514 26.54536 23.14011 16.96622 12.25353 10.26394 23.09184 19.29756 22.93524 19.46362 17.04200 11.44400 20.66413 20.21023 20.22262 15.08834 19.15014 13.08031 17.08719 15.71087 14.95118 18.41035 22.99733 22.46028 23.93074 24.27553 24.97087 27.59601 24.86631 26.03427 28.78261 33.61790 31.42367 30.46583 34.16304 39.60885 42.14617 62.93076 37.58525 36.63797 41.02523 37.83153 38.93740 39.62834 42.50870 43.26208 46.43899 46.96038 47.44771 40.86201 38.83214 35.01961 46.37541 34.91448
61.84342 55.28646 57.68758 49.26290 49.35434 48.81387 47.04182 48.43056 43.89914 41.38433 34.03531 38.42012 35.50401 34.03091 30.77096 25.02952 18.28296 17.17685 15.65964 16.56482 10.69217 4.39557 6.21206 8.65610 13.44376 0.00000 6.20007 5.96148 54.17554 55.79574 54.95355 54.00621 41.55910 46.61477 47.96817 52.29277 52.13859 49.82329 43.71158 40.83722 39.90003 38.49590 37.24156 39.95130 36.50895 30.39890 25.69632 23.70753 36.40232 32.51050 35.42271 32.27485 29.62011 22.97374 32.86713 30.33973 30.34480 25.39217 26.36638 20.04590 20.64803 18.79662 16.27079 16.49662 14.78056 19.24967 21.30790 21.68944 34.71879 35.99629 28.88118 29.57864 32.16414 36.72619 33.54907 30.87248 34.92100 41.24562 53.65068 72.96719 44.88533 43.24595 47.72695 41.72053 41.96674 42.66970 46.03818 45.45419 49.43481 50.51619 52.81154 38.71750 34.87336 29.35608 39.98003 25.76051
62.05867 57.01992 59.79988 51.60537 51.93356 51.49661 49.82497 51.31075 47.05412 44.86337 35.86243 42.11016 39.51130 37.86073 34.62346 29.54651 23.86579 23.04361 21.48500 22.27742 16.19084 10.45880 8.86803 9.32464 13.99316 6.20007 0.00000 5.16117 54.82380 56.02087 55.05661 53.90847 42.17501 46.62341 47.69586 51.93093 51.65474 49.05113 42.69036 39.93408 38.80394 37.48391 36.23149 39.94001 36.68407 30.34864 25.52372 23.66993 35.36553 31.34910 33.24581 30.53856 27.73674 20.70920 30.51730 26.78571 26.78684 22.22605 21.80537 15.95977 15.35224 13.53870 10.80179 10.36673 9.68246 13.06105 15.11232 15.49449 30.80065 31.46513 23.28193 23.86120 26.35852 30.80662 27.53272 24.71904 28.76666 35.12263 50.32545 68.63281 39.78799 37.97195 42.41821 35.86928 35.98559 36.68477 40.09538 39.35919 43.40395 44.54959 47.13577 32.58058 28.92436 23.69799 34.64462 21.45361
66.47658 60.67354 63.22640 54.87247 55.04103 54.53105 52.78553 54.20245 49.73284 47.27913 39.41477 44.34386 41.45714 39.96753 36.70685 30.98720 23.95955 22.60682 21.16001 22.16151 16.50908 9.97811 11.48882 13.07762 17.99374 5.96148 5.16117 0.00000 59.04139 60.42652 59.51098 58.44019 46.38125 51.10038 52.28221 56.55716 56.32319 53.80991 47.51232 44.71483 43.63862 42.29090 41.03442 44.40833 41.06632 34.79589 29.99038 28.06898 40.17376 36.17984 38.31146 35.51215 32.73277 25.74970 35.60434 31.94365 31.94463 27.37969 26.83124 21.10082 20.13070 18.37083 15.56517 14.16195 9.58512 15.82619 17.90788 18.26560 35.92531 36.45963 27.71234 28.15358 30.50735 34.72860 31.27848 28.02315 32.01824 38.46961 55.48374 73.62929 44.50720 42.58228 46.98668 39.87490 39.74514 40.43152 43.91254 42.78585 47.00320 48.29637 51.33639 34.57139 30.20623 24.29314 34.52037 19.90226
8.49869 10.00544 14.35282 15.32081 17.39475 18.35225 19.40825 20.14624 23.04206 26.17037 21.34963 28.48068 31.60315 30.75492 32.12807 38.26686 46.96249 49.51437 49.26581 48.22903 48.47154 52.72628 47.96605 45.96730 41.04766 54.17554 54.82380 59.04139 0.00000 4.03134 4.84982 6.55369 12.66150 9.45800 10.10648 9.00789 10.05555 12.92843 17.29276 18.38290 20.01116 20.55263 21.45639 15.40952 18.26834 24.62723 29.40870 31.18076 22.19955 25.70350 28.34466 28.13137 30.56053 36.63485 30.57670 37.92988 37.94970 38.24177 44.57928 44.39700 49.59242 49.65490 51.04987 55.49808 62.85376 59.24246 59.77966 59.98899 39.09777 43.51703 52.00014 53.31972 54.97948 58.18305 58.61803 60.67607 62.60200 64.81339 35.12833 55.30675 50.45034 51.93146 53.99595 59.14351 61.64567 62.07148 62.92728 66.29245 66.83156 65.91836 61.68757 71.97690 72.76116 71.44590 82.25705 74.30921
6.05186 13.80855 17.99441 19.34084 21.42028 22.37201 23.39142 24.16283 26.93529 29.97948 23.99040 32.16348 35.16594 34.20526 35.37508 41.27371 49.69707 52.20356 51.86136 50.87067 50.71653 54.62656 49.58929 47.40755 42.48225 55.79574 56.02087 60.42652 4.03134 0.00000 1.41820 3.46413 14.39813 9.47564 9.09260 6.37001 7.35541 10.66173 16.12829 17.80360 19.38303 20.18451 21.23933 16.09829 19.36071 25.67243 30.49724 32.37396 22.05327 25.84217 27.62843 27.96311 30.57154 37.03653 30.07706 37.36547 37.38409 38.22023 44.25657 44.66402 49.71124 49.92325 51.50887 55.95969 63.67703 59.58205 59.98189 60.16909 38.04805 42.32775 51.47282 52.75722 54.24949 57.19042 57.87516 60.19406 61.88457 63.71462 32.22401 51.78807 48.63049 50.27614 52.05937 57.81019 60.37841 60.76817 61.41237 64.94886 65.22803 64.20246 59.64925 71.37330 72.49129 71.54284 82.15500 74.92189
7.03557 14.82467 19.10059 19.94999 22.04844 22.97307 23.89781 24.74921 27.30099 30.24752 23.59183 32.31503 35.22059 34.18579 35.23063 40.99035 49.27302 51.75654 51.37439 50.40450 50.09151 53.87531 48.75439 46.52031 41.60012 54.95355 55.05661 59.51098 4.84982 1.41820 0.00000 2.05292 13.75270 8.43707 7.82858 4.95202 5.94121 9.24426 14.78056 16.53477 18.09945 18.94176 20.01993 15.11721 18.46002 24.72316 29.54307 31.44329 20.84411 24.67662 26.31151 26.73291 29.36916 35.90197 28.78781 36.05811 36.07654 37.00000 42.97955 43.49207 48.50621 48.74697 50.37060 54.81876 62.61263 58.41370 58.78635 58.96924 36.68131 40.94604 50.16145 51.44048 52.91082 55.82221 56.53375 58.88544 60.54503 62.33528 30.86525 50.59558 47.21384 48.86396 50.64125 56.41380 58.98621 59.37337 60.00510 63.55086 63.81663 62.78745 58.23144 70.04544 71.20982 70.32288 80.89772 73.80401
8.52075 16.55037 20.90390 21.18583 23.29666 24.18358 24.98520 25.93397 28.19172 30.99719 23.42061 32.89897 35.66108 34.52450 35.38690 40.92879 48.98637 51.43174 50.98929 50.05238 49.49491 53.07523 47.82522 45.50814 40.60308 54.00621 53.90847 58.44019 6.55369 3.46413 2.05292 0.00000 13.29579 7.40249 6.30137 2.92000 3.89154 7.22657 12.97348 14.90000 16.42683 17.35152 18.47287 14.05794 17.51275 23.65508 28.45000 30.38516 19.31439 23.21900 24.55036 25.14669 27.83156 34.47947 27.08104 34.30771 34.32575 35.41865 41.28514 41.99387 46.94414 47.23705 48.92752 53.36823 61.29072 56.91269 57.23638 57.41141 34.80345 39.03172 48.39613 49.66397 51.08902 53.93630 54.70543 57.12305 58.71982 60.42316 28.84322 48.75549 45.19431 46.86396 48.60920 54.46037 57.04335 57.42385 58.02080 61.59263 61.81869 60.77558 56.19029 68.24252 69.49733 68.72481 79.22887 72.38561
20.38966 16.85624 20.89276 15.73234 17.47743 17.90541 17.65904 19.17587 19.14464 20.90172 10.30854 21.87332 23.93606 22.46600 22.76886 27.83837 35.69899 38.13694 37.69682 36.75664 36.34143 40.25532 35.34712 33.30889 28.38758 41.55910 42.17501 46.38125 12.66150 14.39813 13.75270 13.29579 0.00000 6.43933 8.76823 12.63720 13.01558 12.70157 11.31517 10.18617 11.49658 11.17515 11.50536 4.56811 5.97737 12.15762 16.85333 18.56647 11.95402 14.47462 18.80665 17.35081 19.30041 24.61843 20.35218 27.48994 27.51156 26.79152 33.49728 32.44137 37.76862 37.64815 38.83272 43.25583 50.32898 47.10041 47.78125 48.01454 29.71239 34.30336 41.15415 42.51826 44.47152 48.16616 48.08329 49.64157 51.97022 54.93352 32.12054 54.40897 42.71867 43.68346 46.51062 49.89290 52.19464 52.69945 54.06647 56.95494 58.13953 57.54242 54.32967 61.05405 61.30092 59.51350 70.52609 61.89397
15.46162 17.26171 21.73779 18.99000 21.01006 21.68126 21.92990 23.23038 24.25173 26.48598 16.74273 27.82743 30.13802 28.75716 29.18312 34.25703 41.95312 44.34800 43.84068 42.94056 42.17388 45.67647 40.42924 38.13680 33.22475 46.61477 46.62341 51.10038 9.45800 9.47564 8.43707 7.40249 6.43933 0.00000 2.46130 6.24270 6.57652 6.68319 8.22681 8.94332 10.57263 11.09833 12.03108 6.69216 10.11194 16.30466 21.11834 23.03222 12.79812 16.45075 18.89735 18.73992 21.24978 27.58752 21.12152 28.47370 28.49346 28.92867 35.16458 35.25766 40.36475 40.52065 42.05832 46.51058 54.20318 50.16350 50.60862 50.80439 29.70617 34.16679 42.55165 43.86788 45.52185 48.75449 49.16048 51.23651 53.14400 55.40617 28.07878 49.72627 41.48899 42.82729 45.13007 49.82758 52.29795 52.73833 53.70144 56.97225 57.65461 56.82254 52.89586 62.52456 63.37570 62.21826 72.93621 65.45476
14.77563 18.83169 23.34078 21.18289 23.23219 23.93936 24.26200 25.52402 26.67588 28.94169 19.01839 30.28667 32.57555 31.17457 31.53697 36.48005 43.99580 46.35423 45.79850 44.92826 43.93992 47.21315 41.81587 39.41536 34.53396 47.96817 47.69586 52.28221 10.10648 9.09260 7.82858 6.30137 8.76823 2.46130 0.00000 4.34844 4.41427 4.25048 7.21299 8.71214 10.29138 11.11389 12.20353 8.11770 11.66400 17.56939 22.31674 24.27982 13.03603 16.91993 18.56301 18.90743 21.56071 28.17838 20.98577 28.28418 28.30296 29.17725 35.16444 35.70847 40.69068 40.95666 42.62917 47.07132 54.99775 50.62968 50.97640 51.15610 29.12467 33.48957 42.39326 43.68334 45.21342 48.25509 48.84462 51.11127 52.84854 54.83700 26.07254 47.48262 40.36004 41.82514 43.92961 49.08029 51.60291 52.01785 52.82977 56.22914 56.72676 55.81301 51.64735 62.31284 63.39881 62.49828 73.07188 66.08521
11.18356 18.83716 23.27868 22.72817 24.83572 25.66068 26.27865 27.35963 29.17626 31.75842 22.94287 33.40940 35.94914 34.67346 35.27045 40.47541 48.18814 50.57366 50.04848 49.15989 48.26582 51.56092 46.14829 43.72543 38.85376 52.29277 51.93093 56.55716 9.00789 6.37001 4.95202 2.92000 12.63720 6.24270 4.34844 0.00000 1.04809 4.30796 10.27241 12.42322 13.88274 14.91397 16.08603 12.46445 16.00781 21.89587 26.62106 28.59352 16.94493 20.92204 21.85884 22.67046 25.40850 32.18504 24.44865 31.61330 31.63087 32.92204 38.64693 39.58892 44.45530 44.81088 46.58151 51.00820 59.08271 54.48821 54.75326 54.91889 31.97576 36.17005 45.67503 46.93052 48.30894 51.09564 51.91789 54.40141 55.93427 57.55971 26.13761 46.47374 42.27431 43.94727 45.69176 51.56722 54.15716 54.53308 55.11003 58.69599 58.90243 57.85604 53.27947 65.47671 66.82460 66.17946 76.60079 70.05074
11.92846 19.87022 24.31745 23.64760 25.75166 26.56328 27.14183 28.24964 29.96390 32.48602 23.31845 34.06695 36.53957 35.22402 35.73745 40.82388 48.40649 50.76799 50.21224 49.34251 48.31899 51.49397 46.01483 43.54646 38.69491 52.13859 51.65474 56.32319 10.05555 7.35541 5.94121 3.89154 13.01558 6.57652 4.41427 1.04809 0.00000 3.41713 9.64515 11.95040 13.35445 14.45153 15.64962 12.47205 16.02337 21.76678 26.44554 28.43106 16.51524 20.52066 21.19854 22.15732 24.92268 31.76313 23.82816 30.93984 30.95706 32.38122 38.00928 39.09722 43.91079 44.30342 46.11867 50.53524 58.68804 53.97714 54.20763 54.36755 31.18866 35.34476 44.97416 46.21972 47.55991 50.28988 51.16163 53.69763 55.17892 56.72834 25.09043 45.45795 41.33090 43.02852 44.72991 50.69766 53.29751 53.66680 54.20761 57.82030 57.98431 56.92132 52.30200 64.73625 66.15387 65.59264 75.95895 69.58505
15.32718 22.39391 26.89396 25.32076 27.38829 28.12023 28.48766 29.72693 30.92514 33.16224 22.73757 34.43816 36.62822 35.16664 35.36758 40.01440 47.14662 49.42695 48.77909 47.96923 46.56540 49.40332 43.76364 41.18719 36.39921 49.82329 49.05113 53.80991 12.92843 10.66173 9.24426 7.22657 12.70157 6.68319 4.25048 4.30796 3.41713 0.00000 6.52553 9.12290 10.37488 11.60043 12.84047 10.97211 14.42527 19.65160 24.16514 26.17140 13.71030 17.74023 17.93623 19.13574 21.94183 28.88657 20.61723 27.64643 27.66319 29.28099 34.75567 36.07246 40.79025 41.24467 43.13790 47.53172 55.82596 50.90443 51.07812 51.22895 27.79114 31.93099 41.64275 42.87807 44.18478 46.88157 47.78067 50.36113 51.79816 53.31276 22.32857 43.36863 37.97053 39.63952 41.40022 47.28253 49.88088 50.25107 50.80612 54.40674 54.59481 53.54918 49.00601 61.36570 62.84983 62.39620 72.68708 66.58274
21.44094 25.47401 29.93404 26.49069 28.39593 28.93733 28.86524 30.32374 30.45235 32.06464 19.71241 32.72328 34.33251 32.63791 32.27165 36.07517 42.41036 44.55200 43.77436 43.05757 41.12909 43.53410 37.73625 35.05637 30.35571 43.71158 42.69036 47.51232 17.29276 16.12829 14.78056 12.97348 11.31517 8.22681 7.21299 10.27241 9.64515 6.52553 0.00000 2.93552 3.89252 5.22634 6.48399 7.53426 10.15000 14.07688 18.24930 20.25431 7.33989 11.34154 11.58929 12.61062 15.42069 22.39102 14.18540 21.34663 21.36438 22.77004 28.37685 29.54745 34.28985 34.72436 36.61302 41.00622 49.32262 44.38812 44.58319 44.73885 21.93934 26.28073 35.42482 36.69067 38.13122 41.07971 41.75331 44.15196 45.76499 47.64000 20.80715 43.14202 33.28239 34.67373 36.90853 41.86782 44.39036 44.80487 45.63534 49.01677 49.54938 48.66877 44.66996 55.27401 56.55401 55.94818 66.33043 60.05738
23.42010 25.72265 30.08616 25.84034 27.63911 28.08803 27.82693 29.35771 29.03458 30.37743 17.46554 30.79342 32.17975 30.41639 29.86417 33.40610 39.55725 41.67521 40.88021 40.17654 38.19717 40.61332 34.83922 32.18510 27.45932 40.83722 39.93408 44.71483 18.38290 17.80360 16.53477 14.90000 10.18617 8.94332 8.71214 12.42322 11.95040 9.12290 2.93552 0.00000 1.62936 2.50186 3.72193 5.81014 7.70106 11.15216 15.32359 17.33032 4.59213 8.62114 9.96234 10.25641 12.98567 19.82135 12.28726 19.61212 19.63133 20.52357 26.45302 27.16603 32.05393 32.38846 34.17087 38.59173 46.75749 42.06609 42.34987 42.52085 20.77672 25.26331 33.71755 35.01829 36.61401 39.81123 40.25112 42.42708 44.24327 46.46558 22.35364 44.91521 32.95809 34.13928 36.68496 40.93836 43.38620 43.83579 44.88026 48.07671 48.87083 48.11198 44.49479 53.66476 54.68818 53.82486 64.36305 57.63895
24.94636 27.29405 31.63844 27.21285 28.97399 29.39082 29.06118 30.61576 30.10149 31.29992 18.06538 31.56647 32.78994 30.97645 30.26023 33.49413 39.31200 41.36575 40.51807 39.85635 37.64457 39.82681 33.96474 31.24414 26.58793 39.90003 38.80394 43.63862 20.01116 19.38303 18.09945 16.42683 11.49658 10.57263 10.29138 13.88274 13.35445 10.37488 3.89252 1.62936 0.00000 1.46632 2.67798 6.99031 8.27770 10.74960 14.60224 16.59076 3.49864 7.45946 8.33557 8.80309 11.58230 18.51331 10.69439 18.00417 18.02321 19.03965 24.88014 25.74613 30.57280 30.94897 32.78542 37.19240 45.45142 40.62303 40.87080 41.03616 19.15226 23.64599 32.11232 33.40928 34.99180 38.18189 38.62842 40.82593 42.62223 44.83724 21.55908 44.18890 31.43310 32.57491 35.17779 39.32316 41.76531 42.21714 43.28097 46.45956 47.27971 46.53782 42.99275 52.05183 53.11128 52.31052 62.80836 56.24450
25.86609 27.40615 31.68468 26.89697 28.59627 28.96572 28.54489 30.12734 29.39143 30.44934 16.99939 30.59211 31.69859 29.85529 29.04569 32.14138 37.86990 39.91377 39.06008 38.40316 36.17846 38.38417 32.54127 29.83992 25.16220 38.49590 37.48391 42.29090 20.55263 20.18451 18.94176 17.35152 11.17515 11.09833 11.11389 14.91397 14.45153 11.60043 5.22634 2.50186 1.46632 0.00000 1.25766 6.60706 7.29085 9.29813 13.14404 15.13572 2.11854 6.14294 7.92278 7.79695 10.49695 17.32016 10.02408 17.37755 17.39742 18.06938 24.10558 24.67648 29.59264 29.90503 31.67249 36.09560 44.25754 39.58289 39.88525 40.05990 18.87415 23.42277 31.45430 32.76957 34.44025 37.76694 38.07921 40.14448 42.05612 44.46396 22.61913 45.26807 31.55442 32.58008 35.33854 39.09498 41.49123 41.96153 43.13981 46.21279 47.17269 46.49676 43.15791 51.42623 52.33765 51.38618 61.97146 55.14119
26.97573 28.00080 32.22229 27.14857 28.79042 29.11713 28.61435 30.21934 29.27421 30.18722 16.53172 30.19611 31.16639 29.28943 28.36212 31.25440 36.80676 38.82207 37.94767 37.30785 35.00062 37.14888 31.29325 28.58549 23.91514 37.24156 36.23149 41.03442 21.45639 21.23933 20.01993 18.47287 11.50536 12.03108 12.20353 16.08603 15.64962 12.84047 6.48399 3.72193 2.67798 1.25766 0.00000 6.97906 7.02641 8.23219 11.93236 13.91704 0.87023 4.90004 7.32482 6.72871 9.35930 16.11351 9.18333 16.52400 16.54439 16.98195 23.13360 23.52536 28.48777 28.76471 30.49630 34.92601 43.04332 38.44117 38.77292 38.95270 18.27966 22.85657 30.55232 31.87893 33.60970 37.03221 37.24728 39.22008 41.20960 43.75497 23.20654 45.85022 31.25089 32.17877 35.06254 38.50013 40.85903 41.34308 42.60937 45.59804 46.66622 46.04343 42.87713 50.53425 51.34812 50.30549 60.94044 53.96535
22.12304 21.09385 25.26615 20.29438 22.01478 22.41160 22.07208 23.62556 23.22668 24.63530 12.27223 25.19886 26.81350 25.14481 24.91664 29.15210 36.17917 38.47472 37.85524 37.02496 35.84821 39.10914 33.77627 31.45259 26.54536 39.95130 39.94001 44.40833 15.40952 16.09829 15.11721 14.05794 4.56811 6.69216 8.11770 12.46445 12.47205 10.97211 7.53426 5.81014 6.99031 6.60706 6.97906 0.00000 3.55141 9.61252 14.42748 16.34069 7.49033 10.44121 14.30185 13.13626 15.32822 21.22535 15.99051 23.23564 23.25683 22.96592 29.50409 28.99364 34.21671 34.24889 35.65101 40.10152 47.61748 43.83340 44.37791 44.59059 25.24465 29.82757 37.08494 38.43563 40.29480 43.86622 43.92214 45.66347 47.84677 50.61458 28.09228 50.57842 38.15391 39.13886 41.94339 45.45491 47.79097 48.28388 49.58488 52.53979 53.64465 53.01947 49.76257 57.04620 57.53866 56.05903 66.93067 58.96487
25.41027 22.74200 26.64577 20.68646 22.17978 22.41697 21.77699 23.41067 22.26083 23.17989 9.79772 23.31004 24.52530 22.73475 22.17373 25.97804 32.73831 35.00335 34.35667 33.54407 32.29798 35.58972 30.31938 28.06071 23.14011 36.50895 36.68407 41.06632 18.26834 19.36071 18.46002 17.51275 5.97737 10.11194 11.66400 16.00781 16.02337 14.42527 10.15000 7.70106 8.27770 7.29085 7.02641 3.55141 0.00000 6.36624 11.17591 13.01919 7.13656 8.75223 13.81915 11.75498 13.46186 18.64582 14.93072 21.83600 21.85800 20.85620 27.61440 26.46814 31.79142 31.68178 32.90846 37.34176 44.58573 41.16072 41.81758 42.04824 24.44072 29.02796 35.30054 36.67102 38.68958 42.50558 42.28401 43.73412 46.13938 49.28804 29.83546 52.46626 37.92924 38.67328 41.77412 44.46491 46.68938 47.21712 48.74736 51.46513 52.85685 52.37329 49.56493 55.15323 55.33279 53.54560 64.54906 56.06404
31.71269 28.49658 32.13052 25.32340 26.50386 26.53708 25.53115 27.20979 25.00356 25.03106 10.97787 24.29678 24.54682 22.54372 21.09568 23.25151 28.57817 30.61634 29.77410 29.10676 27.06096 29.76680 24.25387 21.85820 16.96622 30.39890 30.34864 34.79589 24.62723 25.67243 24.72316 23.65508 12.15762 16.30466 17.56939 21.89587 21.76678 19.65160 14.07688 11.15216 10.74960 9.29813 8.23219 9.61252 6.36624 0.00000 4.82495 6.73036 7.64438 5.82184 11.94569 8.55169 8.99836 12.70948 11.80990 17.55968 17.58200 15.50036 22.41103 20.48908 25.87662 25.62757 26.70353 31.11471 38.22839 34.98815 35.73326 35.97871 21.04414 25.47003 30.12973 31.51173 33.72506 37.84404 37.24115 38.30784 40.97693 44.61680 30.79518 53.29242 35.10824 35.43971 38.97774 40.32574 42.36204 42.93614 44.79539 47.13714 48.94448 48.68210 46.61769 49.71674 49.54879 47.47697 58.57824 49.74420
