76 0
0.00000 1118.03399 3621.11861 3891.33653 5205.84988 4884.32728 4650.00000 4975.18844 6247.59954 6408.00281 8009.31389 7803.15116 8500.00000 8664.43882 9414.48352 9521.68578 9030.64228 9408.10821 6180.00809 5561.02509 3832.75358 3050.00000 1931.32079 4750.00000 4366.06230 6791.53885 7403.03992 8290.92112 7409.63245 6647.17985 6524.18577 8487.93261 8984.70923 10286.23396 9587.78744 9737.17105 9637.68644 11029.27921 11415.99755 11536.46393 12092.35296 9793.10982 9080.88652 8508.96586 7800.00000 6587.29838 9500.00000 9055.38514 11147.30909 11814.92700 12470.07911 11448.74024 10576.97972 10271.44099 12254.89698 12865.16615 13877.64782 12964.84354 12747.54878 12482.88829 14134.44375 14666.71402 15157.58886 15781.71410 14097.60618 13383.75881 13237.82459 12550.00000 11321.66066 16269.29624 17936.83361 18830.82579 18985.52080 10467.56896 3605.55128 3716.18084
1118.03399 0.00000 2926.17498 3360.43152 4555.53213 4049.15460 3684.08740 3950.00000 5392.81930 5640.25709 7204.38124 6893.99507 7516.64819 7650.00000 8501.91155 8660.97570 8297.74066 8727.11292 5765.63093 5091.65985 4200.00000 3688.15672 2860.06993 5344.38958 4750.00000 6806.24713 7463.57823 8193.98395 7224.37907 6394.13794 6177.78277 8175.87916 8730.69299 9915.17065 9127.63211 9154.91671 9004.72098 10490.23355 10928.17460 11186.59913 11773.91184 9782.89323 9067.11090 8950.00000 8360.02392 7252.06867 10049.87562 9500.00000 11367.16763 12051.65964 12595.82760 11537.44569 10645.30413 10288.46441 12236.52320 12874.87864 13778.35654 12815.03679 12500.00000 12197.23329 13890.01440 14455.53527 15051.66104 15691.15993 14258.06789 13550.83023 13700.00000 13088.25810 11921.82872 16886.08895 17993.88785 18784.30196 18923.53033 9360.55554 3640.05494 3828.83794
3621.11861 2926.17498 0.00000 700.00000 1629.43947 1367.75473 1627.88206 2193.17122 2700.00000 2789.26514 4398.17110 4307.02542 5168.41368 5440.58820 5900.00000 5941.38031 5413.40928 5813.77674 3001.66620 2289.65063 3572.46414 3962.95344 4208.62210 5022.44960 3990.61399 4750.00000 5450.00000 5817.52293 4739.91065 3842.19989 3488.91100 5463.74414 6082.14600 7109.95141 6255.95460 6230.97103 6079.67927 7574.46368 8031.96738 8390.02384 9003.47155 7501.49985 6806.61443 7747.58027 7536.07988 6850.18248 9080.88652 8271.18492 9500.00000 10200.00000 10495.57397 9390.83346 8485.28137 8041.14420 9876.23410 10551.30324 11264.27579 10239.55409 9801.14789 9457.80101 11183.02285 11783.46299 12514.19194 13170.04176 12192.62072 11512.71037 12345.54576 11958.46980 11011.92535 15890.64190 15686.69819 16304.37058 16419.88124 7864.63604 6470.89638 6689.73094
3891.33653 3360.43152 700.00000 0.00000 1368.89481 1628.05190 2163.33077 2745.90604 2789.26514 2700.00000 4308.12128 4396.77928 5361.20322 5685.94759 5941.38031 5900.00000 5202.40329 5536.24421 2420.74369 1732.77235 3100.40320 3669.46863 4150.00000 4539.27307 3464.82323 4050.00000 4750.00000 5139.29694 4073.88672 3184.72919 2872.71648 4867.49422 5463.74414 6566.38477 5767.85645 5848.50408 5748.26061 7156.29094 7574.46368 7842.35296 8441.71191 6817.07415 6118.82342 7086.95986 6921.16320 6307.53518 8437.56481 7605.42569 8800.00000 9500.00000 9801.83008 8698.70985 7792.94553 7354.59040 9204.89000 9876.23410 10620.73015 9608.83281 9208.28431 8881.44132 10594.81005 11183.02285 11877.07877 12529.96409 11498.26074 10816.76939 11660.29588 11290.03986 10366.89442 15227.03188 15014.07673 15658.30451 15778.54556 8285.07695 6975.85120 7179.31055
5205.84988 4555.53213 1629.43947 1368.89481 0.00000 1115.00045 2013.82050 2512.30432 1624.46083 1362.96478 2950.00068 3153.10276 4207.12170 4592.32762 4636.77399 4551.75494 3841.03801 4202.65071 1698.37363 1053.17283 4162.41192 4914.73021 5506.92954 5530.58523 4414.67700 4073.27546 4739.23760 4750.00000 3635.00014 2746.26528 2246.81397 4071.28641 4737.52815 5593.21053 4680.01677 4602.86574 4452.63663 5952.82899 6426.89451 6871.32251 7503.25083 6443.67698 5794.02045 7480.78692 7524.36529 7135.31870 8899.37487 7959.32616 8697.87750 9389.98791 9500.00000 8385.00006 7493.56210 6993.54510 8696.94619 9389.12525 9949.39717 8887.52255 8354.51213 7980.44316 9720.99136 10344.87665 11171.46244 11834.70629 11192.96534 10543.11021 11820.47685 11584.58342 10799.27187 15528.70481 14484.66337 14980.79013 15079.53159 7431.41124 8079.75699 8305.07514
4884.32728 4049.15460 1367.75473 1628.05190 1115.00045 0.00000 905.84381 1400.84011 1363.80094 1624.73167 3155.32724 2950.00017 3804.29402 4092.37743 4552.70831 4637.55895 4281.10418 4763.01932 2810.89897 2162.34895 4725.93409 5264.20488 5576.25797 6159.19256 5071.94765 5138.06900 5816.31782 5865.00009 4750.00000 3859.99391 3360.26085 5137.01791 5815.38932 6567.35030 5590.66195 5343.37468 5106.52064 6727.26936 7258.50901 7834.65717 8480.29204 7558.44911 6908.67230 8459.51849 8412.24423 7891.36572 9855.94506 8954.25335 9800.70166 10494.45344 10615.00005 9500.00000 8608.34206 8108.35082 9800.15066 10493.93887 11019.48683 9946.53211 9367.79873 8973.88171 10719.61534 11357.37439 12229.50747 12894.54741 12307.88987 11657.99095 12880.89488 12607.33330 11771.90099 16553.53295 15578.91694 16041.35446 16133.62492 6664.79204 7379.28540 7625.29036
4650.00000 3684.08740 1627.88206 2163.33077 2013.82050 905.84381 0.00000 583.09519 1860.10752 2343.07490 3697.12172 3227.70321 3850.00000 4031.12887 4827.00735 5032.89181 4911.72068 5448.85309 3712.14224 3050.00000 5197.35510 5561.02509 5644.68777 6647.17985 5602.23170 5971.80877 6659.01644 6759.73173 5645.04677 4750.00000 4260.57508 6039.24664 6719.56100 7438.15898 6438.52219 6114.32744 5836.30876 7504.16551 8061.79260 8698.41940 9348.93042 8455.32377 7800.00000 9204.61841 9080.88652 8457.24541 10576.97972 9711.97714 10667.70828 11363.53818 11509.01703 10394.11146 9500.00000 9004.99861 10705.60601 11399.12277 11920.93574 10845.09419 10250.48779 9848.85780 11595.25765 12238.46396 13127.26171 13792.75172 13203.40865 12550.00000 13695.34592 13383.75881 12502.49975 17328.08414 16484.61404 16939.37720 17029.45977 6254.79816 6766.27667 7027.26832
4975.18844 3950.00000 2193.17122 2745.90604 2512.30432 1400.84011 583.09519 0.00000 2000.00000 2594.22435 3762.56681 3128.71667 3585.03835 3700.00000 4681.87996 4964.87663 5020.45815 5597.32079 4200.00000 3562.65351 5765.63093 6091.38736 6100.20491 7215.60808 6177.78277 6524.76053 7207.80827 7259.48848 6144.78258 5258.56444 4750.00000 6462.39120 7151.39846 7782.31386 6750.95312 6337.58629 6021.00490 7725.44497 8310.38507 9027.31965 9684.65281 8950.00000 8305.41992 9782.89323 9663.97951 9034.65550 11158.06883 10288.46441 11200.89282 11894.95691 12008.89974 10894.00537 10004.49899 9500.00000 11164.67644 11860.86000 12332.75756 11246.63808 10611.43251 10195.09686 11940.26800 12593.64919 13524.23750 14190.84212 13700.00000 13053.44782 14258.06789 13957.25618 13082.90870 17902.30432 16924.90768 17335.29636 17418.16580 5736.94169 6799.44851 7071.95164
6247.59954 5392.81930 2700.00000 2789.26514 1624.46083 1363.80094 1860.10752 2000.00000 0.00000 700.00000 1843.28755 1615.44669 2594.70615 2968.16442 3200.00000 3275.66787 3053.68630 3606.93776 2863.56421 2460.18292 5769.09872 6451.74395 6885.67353 7151.57325 6036.96944 5463.74414 6082.14600 5816.13041 4738.77125 3946.20070 3370.83076 4750.00000 5450.00000 5882.61923 4816.24003 4341.08281 4021.50469 5727.34668 6320.00791 7100.17605 7763.53657 7447.31495 6865.85756 8974.68662 9094.64128 8753.57070 10410.69162 9430.40296 9876.23410 10551.30324 10494.80219 9390.25841 8532.87759 7990.61950 9500.00000 10200.00000 10532.69714 9429.08628 8722.52830 8286.13299 10024.47006 10690.18241 11688.66973 12355.56555 12159.35854 11547.83529 13150.38022 12997.11506 12286.67978 16927.27090 15179.34452 15489.10908 15558.67925 5857.68726 8618.14945 8875.38732
6408.00281 5640.25709 2789.26514 2700.00000 1362.96478 1624.73167 2343.07490 2594.22435 700.00000 0.00000 1616.69694 1841.43097 2960.15202 3397.05755 3275.66787 3200.00000 2661.76633 3140.06369 2247.22051 1952.56242 5489.30779 6275.74697 6850.00000 6820.92369 5703.06935 4867.49422 5463.74414 5137.72060 4072.56099 3309.45615 2728.09457 4050.00000 4750.00000 5212.60098 4162.61552 3771.60443 3500.35712 5161.63734 5727.34668 6443.79547 7104.40005 6757.40335 6184.65844 8411.00470 8592.00209 8335.76631 9854.56747 8852.25960 9204.89000 9876.23410 9801.00367 8698.08904 7844.74346 7299.31504 8800.00000 9500.00000 9841.42820 8740.07254 8050.62109 7621.67960 9363.75993 10024.47006 11003.86296 11670.90399 11462.98390 10854.14667 12509.29654 12384.86980 11712.06643 16305.90384 14483.17990 14807.51498 14880.27217 6411.12315 9003.47155 9250.00000
8009.31389 7204.38124 4398.17110 4308.12128 2950.00068 3155.32724 3697.12172 3762.56681 1843.28755 1616.69694 0.00000 1118.00045 2144.32017 2665.46600 1838.07209 1610.74796 1280.47218 1913.29794 3273.05805 3272.64557 6961.25772 7822.44265 8455.60814 8222.93190 7114.81616 5767.27050 6255.19056 5589.81252 4680.50104 4139.59044 3588.09267 4161.15477 4814.68680 4750.00000 3632.00014 2840.00158 2412.92540 4158.84708 4812.69249 5837.98844 6502.16956 7023.56099 6569.07216 9331.48482 9676.42026 9595.04085 10780.03288 9719.21339 9607.49234 10238.15945 9945.57711 8887.24310 8107.32440 7531.06294 8738.28982 9427.28535 9500.00000 8382.00006 7527.15810 7047.31928 8737.19114 9426.26697 10566.43786 11225.89457 11535.72317 10987.27487 13069.77846 13084.36506 12560.14765 16940.31018 14190.09898 14309.69982 14351.50546 5820.45608 10460.60749 10718.49378
7803.15116 6893.99507 4307.02542 4396.77928 3153.10276 2950.00017 3227.70321 3128.71667 1615.44669 1841.43097 1118.00045 0.00000 1164.11683 1656.52286 1611.48007 1837.95212 2283.95884 2948.09566 3966.87131 3778.80510 7312.61704 8046.76755 8500.63339 8658.96460 7540.93283 6564.21877 7107.75408 6565.55839 5592.36095 4950.41089 4373.48465 5210.39039 5880.42243 5868.00009 4750.00000 3929.84325 3475.99885 5209.16193 5879.33398 6948.37880 7611.16075 8060.68037 7572.50738 10134.73571 10383.35052 10171.00133 11584.09116 10551.26381 10618.49650 11262.04546 11017.98788 9948.44214 9149.86710 8578.51199 9839.29205 10530.56827 10618.00005 9500.00000 8640.43795 8157.57734 9838.64157 10529.96049 11681.97192 12340.71586 12622.91836 12063.63826 14038.38908 14000.08814 13407.56384 17886.70926 15308.08832 15419.14291 15457.96778 4799.49664 9927.71716 10199.05721
8500.00000 7516.64819 5168.41368 5361.20322 4207.12170 3804.29402 3850.00000 3585.03835 2594.70615 2960.15202 2144.32017 1164.11683 0.00000 522.01533 1390.14388 1990.60292 3050.00000 3703.03929 5127.62128 4911.72068 8363.01381 9030.64228 9374.43332 9737.17105 8620.46982 7728.19513 8270.73153 7703.14046 6746.75129 6114.32744 5537.59876 6304.36357 6958.80737 6801.14762 5691.36785 4750.00000 4252.64623 5911.42961 6604.92241 7800.00000 8451.33126 9165.42416 8698.41940 11298.34059 11536.46393 11293.47157 12747.54878 11715.37451 11741.48628 12377.09578 12087.26077 11031.30332 10250.48779 9674.83850 10857.37077 11541.77196 11534.21471 10418.88516 9500.00000 9001.24991 10634.02558 11331.92393 12550.00000 13200.85225 13669.03435 13127.26171 15181.89711 15157.58886 14571.54762 19037.85702 16219.74106 16237.30273 16260.38130 3676.95526 10278.61858 10562.19674
8664.43882 7650.00000 5440.58820 5685.94759 4592.32762 4092.37743 4031.12887 3700.00000 2968.16442 3397.05755 2665.46600 1656.52286 522.01533 0.00000 1746.42492 2404.16306 3553.16760 4200.00000 5597.32079 5348.13051 8727.11292 9350.13369 9628.73304 10118.54733 9004.72098 8207.46611 8760.27968 8214.49773 7248.69319 6600.18939 6021.00490 6824.40474 7480.14037 7315.20396 6207.29957 5252.14242 4750.00000 6388.46617 7084.66654 8301.35531 8950.00000 9684.65281 9213.57694 11773.91184 11988.01485 11710.03843 13222.04598 12197.23329 12257.65067 12894.96026 12609.18209 11552.68596 10770.32961 10195.09686 11378.04904 12061.92356 12043.45088 10928.95549 10001.12494 9500.00000 11122.05017 11820.74448 13050.86204 13700.00000 14190.84212 13649.26738 15691.15993 15656.46831 15055.31468 19542.58171 16726.99913 16726.99913 16746.71610 3157.92653 10268.03292 10556.15934
9414.48352 8501.91155 5900.00000 5941.38031 4636.77399 4552.70831 4827.00735 4681.87996 3200.00000 3275.66787 1838.07209 1611.48007 1390.14388 1746.42492 0.00000 700.00000 2127.20474 2692.58240 5110.77294 5088.46735 8745.42738 9551.17794 10074.34861 10037.18088 8924.40474 7574.46368 8031.96738 7258.66193 6428.30872 5950.84028 5411.33071 5727.34668 6320.00791 5880.98708 4814.91101 3747.66594 3226.84056 4750.00000 5450.00000 6753.70269 7383.25809 8566.35862 8184.13099 11124.07300 11502.71707 11432.62874 12569.10896 11494.89017 11183.02285 11783.46299 11357.89034 10346.21443 9625.48700 9042.67659 10024.47006 10690.18241 10531.78565 9428.40750 8442.89642 7930.95202 9500.00000 10200.00000 11481.50687 12120.23102 12875.16990 12377.09578 14701.44551 14782.59111 14319.30515 18593.88340 15189.88150 15102.06939 15110.01324 4533.48652 11469.63382 11746.16959
9521.68578 8660.97570 5941.38031 5900.00000 4551.75494 4637.55895 5032.89181 4964.87663 3275.66787 3200.00000 1610.74796 1837.95212 1990.60292 2404.16306 700.00000 0.00000 1511.62165 2024.84567 4792.70279 4863.38360 8563.43973 9433.18610 10050.00000 9804.33578 8702.01126 7156.29094 7574.46368 6727.33030 5954.23824 5549.09903 5036.11954 5161.63734 5727.34668 5210.75897 4161.07775 3070.01629 2548.03846 4050.00000 4750.00000 6059.90924 6686.74061 7973.86356 7621.67960 10674.50233 11109.56795 11115.97949 12112.49355 11025.53854 10594.81005 11183.02285 10720.09669 9722.34298 9021.08641 8438.00924 9363.75993 10024.47006 9840.45268 8739.34025 7746.77352 7233.94775 8800.00000 9500.00000 10783.55229 11421.47101 12219.65630 11732.54022 14130.90584 14247.28044 13829.40707 18030.04437 14494.22299 14402.16998 14410.49964 5229.00564 11761.90886 12031.72889
9030.64228 8297.74066 5413.40928 5202.40329 3841.03801 4281.10418 4911.72068 5020.45815 3053.68630 2661.76633 1280.47218 2283.95884 3050.00000 3553.16760 2127.20474 1511.62165 0.00000 667.08320 3609.01649 3850.00000 7528.11397 8500.00000 9284.53014 8668.33317 7595.39334 5774.29649 6144.30631 5236.13149 4516.50894 4208.62210 3747.33238 3655.47535 4215.74430 3784.45624 2697.77093 1700.00000 1209.33866 2926.17498 3601.73569 4750.00000 5402.08293 6462.39120 6114.32744 9241.75308 9737.17105 9843.27181 10670.16870 9573.53122 9083.22630 9672.90029 9230.68649 8221.60891 7511.65761 6928.56406 7907.27513 8578.16997 8492.91522 7380.00461 6450.00000 5951.89046 7597.69702 8293.67229 9500.00000 10151.10831 10752.90658 10250.48779 12620.32092 12747.54878 12357.28530 16520.36622 13174.31213 13195.92740 13224.31473 6600.18939 11648.71238 11899.68487
9408.10821 8727.11292 5813.77674 5536.24421 4202.65071 4763.01932 5448.85309 5597.32079 3606.93776 3140.06369 1913.29794 2948.09566 3703.03929 4200.00000 2692.58240 2024.84567 667.08320 0.00000 3700.00000 4052.46838 7650.00000 8674.38759 9541.09532 8713.49528 7669.74576 5626.94411 5929.79764 4914.34360 4310.72534 4135.51690 3740.65502 3297.34742 3791.10802 3188.76293 2139.57192 1060.66017 550.00000 2261.08381 2934.70612 4102.74298 4750.00000 6021.00490 5728.00140 9004.72098 9572.48662 9774.71227 10414.53311 9306.58369 8640.02315 9208.69155 8704.26752 7720.32078 7045.56598 6463.74504 7338.93725 8000.62498 7861.34270 6751.98252 5801.93933 5300.00000 6935.41635 7632.16876 8851.27110 9500.00000 10195.09686 9711.97714 12197.23329 12375.17677 12049.17010 16101.94088 12536.04802 12536.04802 12562.34453 7209.19552 12142.17855 12386.78732
6180.00809 5765.63093 3001.66620 2420.74369 1698.37363 2810.89897 3712.14224 4200.00000 2863.56421 2247.22051 3273.05805 3966.87131 5127.62128 5597.32079 5110.77294 4792.70279 3609.01649 3700.00000 0.00000 715.89105 3950.00000 4992.49437 5960.91436 5060.13834 3988.10732 2621.54535 3220.63658 3061.53115 1948.62849 1092.01648 550.00000 2462.21445 3092.32922 4149.74806 3409.18876 3702.02647 3740.65502 4897.19307 5242.37542 5423.32924 6021.00490 4750.00000 4110.96096 6177.78277 6427.48007 6328.11188 7625.12295 6610.03026 7061.16138 7746.61216 7809.38365 6694.63614 5807.75344 5300.00000 7003.57052 7694.15362 8297.76530 7254.93405 6800.18382 6463.74504 8183.52003 8781.79936 9535.46014 10195.09686 9500.00000 8855.08329 10288.46441 10140.26627 9470.08448 14066.00512 12798.92574 13336.88494 13444.42264 8655.20075 9393.21564 9592.31463
5561.02509 5091.65985 2289.65063 1732.77235 1053.17283 2162.34895 3050.00000 3562.65351 2460.18292 1952.56242 3272.64557 3778.80510 4911.72068 5348.13051 5088.46735 4863.38360 3850.00000 4052.46838 715.89105 0.00000 3707.42498 4650.00000 5494.08773 4951.01000 3842.19989 3046.30924 3700.00000 3711.15521 2597.45125 1700.00000 1236.93169 3176.47603 3807.88655 4836.60098 4042.38395 4208.62210 4176.12260 5470.83175 5860.03413 6114.32744 6720.11905 5408.32691 4750.00000 6517.86008 6647.17985 6393.16041 7951.41497 6980.32951 7644.76945 8336.81594 8459.38372 7344.57303 6450.00000 5957.55822 7697.56455 8385.25492 9011.11586 7970.40576 7511.65761 7169.55368 8893.39643 9494.86703 10250.48779 10909.74335 10154.43253 9500.00000 10786.33395 10576.97972 9832.85310 14517.05893 13499.07404 14050.80069 14159.27258 8316.54977 8707.75516 8912.07047
3832.75358 4200.00000 3572.46414 3100.40320 4162.41192 4725.93409 5197.35510 5765.63093 5769.09872 5489.30779 6961.25772 7312.61704 8363.01381 8727.11292 8745.42738 8563.43973 7528.11397 7650.00000 3950.00000 3707.42498 0.00000 1192.68604 2549.50976 1450.00000 550.00000 3259.60120 3758.32409 4879.97674 4269.71346 3798.02580 3988.10732 5580.77056 5886.00034 7413.94692 7025.72900 7573.14334 7669.74576 8622.35467 8822.98136 8547.51426 9004.72098 6177.78277 5489.30779 4750.00000 4220.18957 3318.50870 5885.57559 5300.00000 7322.05572 7985.14245 8684.91065 7697.49654 6852.91909 6610.03026 8610.02323 9180.55009 10324.68445 9506.43824 9481.03370 9306.58369 10832.01274 11290.81485 11600.53878 12197.23329 10288.46441 9573.13951 9500.00000 8906.31798 7787.81099 12747.54878 14182.38344 15172.67280 15344.70593 11385.07795 7433.03437 7527.28371
3050.00000 3688.15672 3962.95344 3669.46863 4914.73021 5264.20488 5561.02509 6091.38736 6451.74395 6275.74697 7822.44265 8046.76755 9030.64228 9350.13369 9551.17794 9433.18610 8500.00000 8674.38759 4992.49437 4650.00000 1192.68604 0.00000 1432.65488 1700.00000 1562.04994 4443.25331 4914.51931 6067.78980 5457.36686 4951.01000 5093.37805 6757.40335 7076.19248 8594.94671 8173.85882 8668.33317 8732.84032 9760.25102 9983.61157 9737.17105 10197.18098 7325.46927 6647.17985 5491.81209 4750.00000 3569.31366 6450.00000 6033.44843 8300.90357 8942.31514 9726.59103 8773.75934 7951.41497 7739.83204 9737.81290 10290.04373 11475.21717 10677.00651 10670.16870 10498.80946 12017.69529 12469.36245 12747.54878 13335.85393 11292.69675 10576.97972 10199.14212 9500.00000 8279.64371 13235.27484 15238.52027 16281.35437 16460.02734 11815.77336 6560.67832 6622.12202
1931.32079 2860.06993 4208.62210 4150.00000 5506.92954 5576.25797 5644.68777 6100.20491 6885.67353 6850.00000 8455.60814 8500.63339 9374.43332 9628.73304 10074.34861 10050.00000 9284.53014 9541.09532 5960.91436 5494.08773 2549.50976 1432.65488 0.00000 3031.91359 2982.02951 5798.70675 6307.53518 7407.07587 6711.23334 6109.41896 6158.32770 7957.70067 8335.76631 9800.75553 9284.24838 9661.39224 9665.66087 10835.35879 11115.97949 10983.62417 11473.66550 8726.11024 8038.81210 6863.85460 6040.69532 4750.00000 7731.75271 7397.97270 9729.46556 10366.89442 11159.22367 10203.51180 9376.16659 9152.18553 11151.79358 11712.06643 12873.90030 12052.33455 11997.08298 11800.95335 13358.23716 13829.40707 14149.29327 14743.89704 12723.30539 12007.70586 11526.05744 10772.76659 9500.00000 14422.20510 16670.93279 17704.51920 17880.71587 11806.77771 5223.98315 5261.17858
4750.00000 5344.38958 5022.44960 4539.27307 5530.58523 6159.19256 6647.17985 7215.60808 7151.57325 6820.92369 8222.93190 8658.96460 9737.17105 10118.54733 10037.18088 9804.33578 8668.33317 8713.49528 5060.13834 4951.01000 1450.00000 1700.00000 3031.91359 0.00000 1118.03399 3621.11861 3891.33653 5205.84988 4884.32728 4650.00000 4975.18844 6247.59954 6408.00281 8009.31389 7803.15116 8500.00000 8664.43882 9414.48352 9521.68578 9030.64228 9408.10821 6180.00809 5561.02509 3832.75358 3050.00000 1931.32079 4750.00000 4366.06230 6791.53885 7403.03992 8290.92112 7409.63245 6647.17985 6524.18577 8487.93261 8984.70923 10286.23396 9587.78744 9737.17105 9637.68644 11029.27921 11415.99755 11536.46393 12092.35296 9793.10982 9080.88652 8508.96586 7800.00000 6587.29838 11547.83529 13798.27888 14941.97109 15136.46260 12823.12364 8237.86987 8286.88723
4366.06230 4750.00000 3990.61399 3464.82323 4414.67700 5071.94765 5602.23170 6177.78277 6036.96944 5703.06935 7114.81616 7540.93283 8620.46982 9004.72098 8924.40474 8702.01126 7595.39334 7669.74576 3988.10732 3842.19989 550.00000 1562.04994 2982.02951 1118.03399 0.00000 2926.17498 3360.43152 4555.53213 4049.15460 3684.08740 3950.00000 5392.81930 5640.25709 7204.38124 6893.99507 7516.64819 7650.00000 8501.91155 8660.97570 8297.74066 8727.11292 5765.63093 5091.65985 4200.00000 3688.15672 2860.06993 5344.38958 4750.00000 6806.24713 7463.57823 8193.98395 7224.37907 6394.13794 6177.78277 8175.87916 8730.69299 9915.17065 9127.63211 9154.91671 9004.72098 10490.23355 10928.17460 11186.59913 11773.91184 9782.89323 9067.11090 8950.00000 8360.02392 7252.06867 12208.70591 13700.09124 14722.85638 14900.08389 11735.94905 7960.05653 8048.13643
6791.53885 6806.24713 4750.00000 4050.00000 4073.27546 5138.06900 5971.80877 6524.76053 5463.74414 4867.49422 5767.27050 6564.21877 7728.19513 8207.46611 7574.46368 7156.29094 5774.29649 5626.94411 2621.54535 3046.30924 3259.60120 4443.25331 5798.70675 3621.11861 2926.17498 0.00000 700.00000 1629.43947 1367.75473 1627.88206 2193.17122 2700.00000 2789.26514 4398.17110 4307.02542 5168.41368 5440.58820 5900.00000 5941.38031 5413.40928 5813.77674 3001.66620 2289.65063 3572.46414 3962.95344 4208.62210 5022.44960 3990.61399 4750.00000 5450.00000 5817.52293 4739.91065 3842.19989 3488.91100 5463.74414 6082.14600 7109.95141 6255.95460 6230.97103 6079.67927 7574.46368 8031.96738 8390.02384 9003.47155 7501.49985 6806.61443 7747.58027 7536.07988 6850.18248 11472.79391 11188.61028 12039.31061 12195.28597 11276.74598 10353.01888 10491.18678
7403.03992 7463.57823 5450.00000 4750.00000 4739.23760 5816.31782 6659.01644 7207.80827 6082.14600 5463.74414 6255.19056 7107.75408 8270.73153 8760.27968 8031.96738 7574.46368 6144.30631 5929.79764 3220.63658 3700.00000 3758.32409 4914.51931 6307.53518 3891.33653 3360.43152 700.00000 0.00000 1368.89481 1628.05190 2163.33077 2745.90604 2789.26514 2700.00000 4308.12128 4396.77928 5361.20322 5685.94759 5941.38031 5900.00000 5202.40329 5536.24421 2420.74369 1732.77235 3100.40320 3669.46863 4150.00000 4539.27307 3464.82323 4050.00000 4750.00000 5139.29694 4073.88672 3184.72919 2872.71648 4867.49422 5463.74414 6566.38477 5767.85645 5848.50408 5748.26061 7156.29094 7574.46368 7842.35296 8441.71191 6817.07415 6118.82342 7086.95986 6921.16320 6307.53518 10845.50598 10544.42981 11443.12020 11607.10989 11857.69792 10982.94132 11113.28034
8290.92112 8193.98395 5817.52293 5139.29694 4750.00000 5865.00009 6759.73173 7259.48848 5816.13041 5137.72060 5589.81252 6565.55839 7703.14046 8214.49773 7258.66193 6727.33030 5236.13149 4914.34360 3061.53115 3711.15521 4879.97674 6067.78980 7407.07587 5205.84988 4555.53213 1629.43947 1368.89481 0.00000 1115.00045 2013.82050 2512.30432 1624.46083 1362.96478 2950.00068 3153.10276 4207.12170 4592.32762 4636.77399 4551.75494 3841.03801 4202.65071 1698.37363 1053.17283 4162.41192 4914.73021 5506.92954 5530.58523 4414.67700 4073.27546 4739.23760 4750.00000 3635.00014 2746.26528 2246.81397 4071.28641 4737.52815 5593.21053 4680.01677 4602.86574 4452.63663 5952.82899 6426.89451 6871.32251 7503.25083 6443.67698 5794.02045 7480.78692 7524.36529 7135.31870 11352.49633 9876.43524 10590.68331 10729.90088 11365.05051 11799.19374 11954.61304
7409.63245 7224.37907 4739.91065 4073.88672 3635.00014 4750.00000 5645.04677 6144.78258 4738.77125 4072.56099 4680.50104 5592.36095 6746.75129 7248.69319 6428.30872 5954.23824 4516.50894 4310.72534 1948.62849 2597.45125 4269.71346 5457.36686 6711.23334 4884.32728 4049.15460 1367.75473 1628.05190 1115.00045 0.00000 905.84381 1400.84011 1363.80094 1624.73167 3155.32724 2950.00017 3804.29402 4092.37743 4552.70831 4637.55895 4281.10418 4763.01932 2810.89897 2162.34895 4725.93409 5264.20488 5576.25797 6159.19256 5071.94765 5138.06900 5816.31782 5865.00009 4750.00000 3859.99391 3360.26085 5137.01791 5815.38932 6567.35030 5590.66195 5343.37468 5106.52064 6727.26936 7258.50901 7834.65717 8480.29204 7558.44911 6908.67230 8459.51849 8412.24423 7891.36572 12294.93607 10947.54096 11596.16544 11723.47444 10381.01406 10853.56407 11022.29799
6647.17985 6394.13794 3842.19989 3184.72919 2746.26528 3859.99391 4750.00000 5258.56444 3946.20070 3309.45615 4139.59044 4950.41089 6114.32744 6600.18939 5950.84028 5549.09903 4208.62210 4135.51690 1092.01648 1700.00000 3798.02580 4951.01000 6109.41896 4650.00000 3684.08740 1627.88206 2163.33077 2013.82050 905.84381 0.00000 583.09519 1860.10752 2343.07490 3697.12172 3227.70321 3850.00000 4031.12887 4827.00735 5032.89181 4911.72068 5448.85309 3712.14224 3050.00000 5197.35510 5561.02509 5644.68777 6647.17985 5602.23170 5971.80877 6659.01644 6759.73173 5645.04677 4750.00000 4260.57508 6039.24664 6719.56100 7438.15898 6438.52219 6114.32744 5836.30876 7504.16551 8061.79260 8698.41940 9348.93042 8455.32377 7800.00000 9204.61841 9080.88652 8457.24541 12997.11506 11849.26158 12474.17332 12596.22959 9694.58612 10032.19816 10210.04407
6524.18577 6177.78277 3488.91100 2872.71648 2246.81397 3360.26085 4260.57508 4750.00000 3370.83076 2728.09457 3588.09267 4373.48465 5537.59876 6021.00490 5411.33071 5036.11954 3747.33238 3740.65502 550.00000 1236.93169 3988.10732 5093.37805 6158.32770 4975.18844 3950.00000 2193.17122 2745.90604 2512.30432 1400.84011 583.09519 0.00000 2000.00000 2594.22435 3762.56681 3128.71667 3585.03835 3700.00000 4681.87996 4964.87663 5020.45815 5597.32079 4200.00000 3562.65351 5765.63093 6091.38736 6100.20491 7215.60808 6177.78277 6524.76053 7207.80827 7259.48848 6144.78258 5258.56444 4750.00000 6462.39120 7151.39846 7782.31386 6750.95312 6337.58629 6021.00490 7725.44497 8310.38507 9027.31965 9684.65281 8950.00000 8305.41992 9782.89323 9663.97951 9034.65550 13579.58026 12262.34072 12822.83120 12934.64340 9111.80553 9815.54889 10006.24805
8487.93261 8175.87916 5463.74414 4867.49422 4071.28641 5137.01791 6039.24664 6462.39120 4750.00000 4050.00000 4161.15477 5210.39039 6304.36357 6824.40474 5727.34668 5161.63734 3655.47535 3297.34742 2462.21445 3176.47603 5580.77056 6757.40335 7957.70067 6247.59954 5392.81930 2700.00000 2789.26514 1624.46083 1363.80094 1860.10752 2000.00000 0.00000 700.00000 1843.28755 1615.44669 2594.70615 2968.16442 3200.00000 3275.66787 3053.68630 3606.93776 2863.56421 2460.18292 5769.09872 6451.74395 6885.67353 7151.57325 6036.96944 5463.74414 6082.14600 5816.13041 4738.77125 3946.20070 3370.83076 4750.00000 5450.00000 5882.61923 4816.24003 4341.08281 4021.50469 5727.34668 6320.00791 7100.17605 7763.53657 7447.31495 6865.85756 8974.68662 9094.64128 8753.57070 12870.31468 10465.41925 10909.85793 11008.40588 9981.23239 11814.60960 12003.54114
8984.70923 8730.69299 6082.14600 5463.74414 4737.52815 5815.38932 6719.56100 7151.39846 5450.00000 4750.00000 4814.68680 5880.42243 6958.80737 7480.14037 6320.00791 5727.34668 4215.74430 3791.10802 3092.32922 3807.88655 5886.00034 7076.19248 8335.76631 6408.00281 5640.25709 2789.26514 2700.00000 1362.96478 1624.73167 2343.07490 2594.22435 700.00000 0.00000 1616.69694 1841.43097 2960.15202 3397.05755 3275.66787 3200.00000 2661.76633 3140.06369 2247.22051 1952.56242 5489.30779 6275.74697 6850.00000 6820.92369 5703.06935 4867.49422 5463.74414 5137.72060 4072.56099 3309.45615 2728.09457 4050.00000 4750.00000 5212.60098 4162.61552 3771.60443 3500.35712 5161.63734 5727.34668 6443.79547 7104.40005 6757.40335 6184.65844 8411.00470 8592.00209 8335.76631 12314.42244 9773.68917 10248.17057 10353.01888 10633.20272 12370.32740 12550.89638
10286.23396 9915.17065 7109.95141 6566.38477 5593.21053 6567.35030 7438.15898 7782.31386 5882.61923 5212.60098 4750.00000 5868.00009 6801.14762 7315.20396 5880.98708 5210.75897 3784.45624 3188.76293 4149.74806 4836.60098 7413.94692 8594.94671 9800.75553 8009.31389 7204.38124 4398.17110 4308.12128 2950.00068 3155.32724 3697.12172 3762.56681 1843.28755 1616.69694 0.00000 1118.00045 2144.32017 2665.46600 1838.07209 1610.74796 1280.47218 1913.29794 3273.05805 3272.64557 6961.25772 7822.44265 8455.60814 8222.93190 7114.81616 5767.27050 6255.19056 5589.81252 4680.50104 4139.59044 3588.09267 4161.15477 4814.68680 4750.00000 3632.00014 2840.00158 2412.92540 4158.84708 4812.69249 5837.98844 6502.16956 7023.56099 6569.07216 9331.48482 9676.42026 9595.04085 13218.60844 9440.14878 9618.99210 9681.07479 10384.37331 13541.85397 13742.03802
9587.78744 9127.63211 6255.95460 5767.85645 4680.01677 5590.66195 6438.52219 6750.95312 4816.24003 4162.61552 3632.00014 4750.00000 5691.36785 6207.29957 4814.91101 4161.07775 2697.77093 2139.57192 3409.18876 4042.38395 7025.72900 8173.85882 9284.24838 7803.15116 6893.99507 4307.02542 4396.77928 3153.10276 2950.00017 3227.70321 3128.71667 1615.44669 1841.43097 1118.00045 0.00000 1164.11683 1656.52286 1611.48007 1837.95212 2283.95884 2948.09566 3966.87131 3778.80510 7312.61704 8046.76755 8500.63339 8658.96460 7540.93283 6564.21877 7107.75408 6565.55839 5592.36095 4950.41089 4373.48465 5210.39039 5880.42243 5868.00009 4750.00000 3929.84325 3475.99885 5209.16193 5879.33398 6948.37880 7611.16075 8060.68037 7572.50738 10134.73571 10383.35052 10171.00133 14038.19319 10558.12805 10718.51053 10774.28735 9293.63589 12723.83857 12936.66371
9737.17105 9154.91671 6230.97103 5848.50408 4602.86574 5343.37468 6114.32744 6337.58629 4341.08281 3771.60443 2840.00158 3929.84325 4750.00000 5252.14242 3747.66594 3070.01629 1700.00000 1060.66017 3702.02647 4208.62210 7573.14334 8668.33317 9661.39224 8500.00000 7516.64819 5168.41368 5361.20322 4207.12170 3804.29402 3850.00000 3585.03835 2594.70615 2960.15202 2144.32017 1164.11683 0.00000 522.01533 1390.14388 1990.60292 3050.00000 3703.03929 5127.62128 4911.72068 8363.01381 9030.64228 9374.43332 9737.17105 8620.46982 7728.19513 8270.73153 7703.14046 6746.75129 6114.32744 5537.59876 6304.36357 6958.80737 6801.14762 5691.36785 4750.00000 4252.64623 5911.42961 6604.92241 7800.00000 8451.33126 9165.42416 8698.41940 11298.34059 11536.46393 11293.47157 15202.05578 11477.91357 11502.71707 11535.27200 8269.37120 12669.35279 12900.48449
9637.68644 9004.72098 6079.67927 5748.26061 4452.63663 5106.52064 5836.30876 6021.00490 4021.50469 3500.35712 2412.92540 3475.99885 4252.64623 4750.00000 3226.84056 2548.03846 1209.33866 550.00000 3740.65502 4176.12260 7669.74576 8732.84032 9665.66087 8664.43882 7650.00000 5440.58820 5685.94759 4592.32762 4092.37743 4031.12887 3700.00000 2968.16442 3397.05755 2665.46600 1656.52286 522.01533 0.00000 1746.42492 2404.16306 3553.16760 4200.00000 5597.32079 5348.13051 8727.11292 9350.13369 9628.73304 10118.54733 9004.72098 8207.46611 8760.27968 8214.49773 7248.69319 6600.18939 6021.00490 6824.40474 7480.14037 7315.20396 6207.29957 5252.14242 4750.00000 6388.46617 7084.66654 8301.35531 8950.00000 9684.65281 9213.57694 11773.91184 11988.01485 11710.03843 15678.80735 11987.70203 11987.70203 12015.19871 7751.45148 12471.76812 12710.03541
11029.27921 10490.23355 7574.46368 7156.29094 5952.82899 6727.26936 7504.16551 7725.44497 5727.34668 5161.63734 4158.84708 5209.16193 5911.42961 6388.46617 4750.00000 4050.00000 2926.17498 2261.08381 4897.19307 5470.83175 8622.35467 9760.25102 10835.35879 9414.48352 8501.91155 5900.00000 5941.38031 4636.77399 4552.70831 4827.00735 4681.87996 3200.00000 3275.66787 1838.07209 1611.48007 1390.14388 1746.42492 0.00000 700.00000 2127.20474 2692.58240 5110.77294 5088.46735 8745.42738 9551.17794 10074.34861 10037.18088 8924.40474 7574.46368 8031.96738 7258.66193 6428.30872 5950.84028 5411.33071 5727.34668 6320.00791 5880.98708 4814.91101 3747.66594 3226.84056 4750.00000 5450.00000 6753.70269 7383.25809 8566.35862 8184.13099 11124.07300 11502.71707 11432.62874 14994.83244 10480.69654 10353.01888 10364.60322 9266.33692 14030.85885 14257.80488
11415.99755 10928.17460 8031.96738 7574.46368 6426.89451 7258.50901 8061.79260 8310.38507 6320.00791 5727.34668 4812.69249 5879.33398 6604.92241 7084.66654 5450.00000 4750.00000 3601.73569 2934.70612 5242.37542 5860.03413 8822.98136 9983.61157 11115.97949 9521.68578 8660.97570 5941.38031 5900.00000 4551.75494 4637.55895 5032.89181 4964.87663 3275.66787 3200.00000 1610.74796 1837.95212 1990.60292 2404.16306 700.00000 0.00000 1511.62165 2024.84567 4792.70279 4863.38360 8563.43973 9433.18610 10050.00000 9804.33578 8702.01126 7156.29094 7574.46368 6727.33030 5954.23824 5549.09903 5036.11954 5161.63734 5727.34668 5210.75897 4161.07775 3070.01629 2548.03846 4050.00000 4750.00000 6059.90924 6686.74061 7973.86356 7621.67960 10674.50233 11109.56795 11115.97949 14520.50275 9790.04597 9653.23780 9665.66087 9965.18941 14501.89643 14721.58280
11536.46393 11186.59913 8390.02384 7842.35296 6871.32251 7834.65717 8698.41940 9027.31965 7100.17605 6443.79547 5837.98844 6948.37880 7800.00000 8301.35531 6753.70269 6059.90924 4750.00000 4102.74298 5423.32924 6114.32744 8547.51426 9737.17105 10983.62417 9030.64228 8297.74066 5413.40928 5202.40329 3841.03801 4281.10418 4911.72068 5020.45815 3053.68630 2661.76633 1280.47218 2283.95884 3050.00000 3553.16760 2127.20474 1511.62165 0.00000 667.08320 3609.01649 3850.00000 7528.11397 8500.00000 9284.53014 8668.33317 7595.39334 5774.29649 6144.30631 5236.13149 4516.50894 4208.62210 3747.33238 3655.47535 4215.74430 3784.45624 2697.77093 1700.00000 1209.33866 2926.17498 3601.73569 4750.00000 5402.08293 6462.39120 6114.32744 9241.75308 9737.17105 9843.27181 13059.86217 8438.00924 8471.71765 8515.86754 11287.16085 14816.54481 15014.65950
12092.35296 11773.91184 9003.47155 8441.71191 7503.25083 8480.29204 9348.93042 9684.65281 7763.53657 7104.40005 6502.16956 7611.16075 8451.33126 8950.00000 7383.25809 6686.74061 5402.08293 4750.00000 6021.00490 6720.11905 9004.72098 10197.18098 11473.66550 9408.10821 8727.11292 5813.77674 5536.24421 4202.65071 4763.01932 5448.85309 5597.32079 3606.93776 3140.06369 1913.29794 2948.09566 3703.03929 4200.00000 2692.58240 2024.84567 667.08320 0.00000 3700.00000 4052.46838 7650.00000 8674.38759 9541.09532 8713.49528 7669.74576 5626.94411 5929.79764 4914.34360 4310.72534 4135.51690 3740.65502 3297.34742 3791.10802 3188.76293 2139.57192 1060.66017 550.00000 2261.08381 2934.70612 4102.74298 4750.00000 6021.00490 5728.00140 9004.72098 9572.48662 9774.71227 12770.47376 7808.00871 7808.00871 7850.15923 11915.74589 15409.25047 15602.72412
9793.10982 9782.89323 7501.49985 6817.07415 6443.67698 7558.44911 8455.32377 8950.00000 7447.31495 6757.40335 7023.56099 8060.68037 9165.42416 9684.65281 8566.35862 7973.86356 6462.39120 6021.00490 4750.00000 5408.32691 6177.78277 7325.46927 8726.11024 6180.00809 5765.63093 3001.66620 2420.74369 1698.37363 2810.89897 3712.14224 4200.00000 2863.56421 2247.22051 3273.05805 3966.87131 5127.62128 5597.32079 5110.77294 4792.70279 3609.01649 3700.00000 0.00000 715.89105 3950.00000 4992.49437 5960.91436 5060.13834 3988.10732 2621.54535 3220.63658 3061.53115 1948.62849 1092.01648 550.00000 2462.21445 3092.32922 4149.74806 3409.18876 3702.02647 3740.65502 4897.19307 5242.37542 5423.32924 6021.00490 4750.00000 4110.96096 6177.78277 6427.48007 6328.11188 10082.90633 8223.44210 9037.97544 9195.92301 12842.31288 13350.84267 13491.66409
9080.88652 9067.11090 6806.61443 6118.82342 5794.02045 6908.67230 7800.00000 8305.41992 6865.85756 6184.65844 6569.07216 7572.50738 8698.41940 9213.57694 8184.13099 7621.67960 6114.32744 5728.00140 4110.96096 4750.00000 5489.30779 6647.17985 8038.81210 5561.02509 5091.65985 2289.65063 1732.77235 1053.17283 2162.34895 3050.00000 3562.65351 2460.18292 1952.56242 3272.64557 3778.80510 4911.72068 5348.13051 5088.46735 4863.38360 3850.00000 4052.46838 715.89105 0.00000 3707.42498 4650.00000 5494.08773 4951.01000 3842.19989 3046.30924 3700.00000 3711.15521 2597.45125 1700.00000 1236.93169 3176.47603 3807.88655 4836.60098 4042.38395 4208.62210 4176.12260 5470.83175 5860.03413 6114.32744 6720.11905 5408.32691 4750.00000 6517.86008 6647.17985 6393.16041 10410.69162 8936.58212 9750.00000 9905.68019 12369.41793 12635.76274 12777.42149
8508.96586 8950.00000 7747.58027 7086.95986 7480.78692 8459.51849 9204.61841 9782.89323 8974.68662 8411.00470 9331.48482 10134.73571 11298.34059 11773.91184 11124.07300 10674.50233 9241.75308 9004.72098 6177.78277 6517.86008 4750.00000 5491.81209 6863.85460 3832.75358 4200.00000 3572.46414 3100.40320 4162.41192 4725.93409 5197.35510 5765.63093 5769.09872 5489.30779 6961.25772 7312.61704 8363.01381 8727.11292 8745.42738 8563.43973 7528.11397 7650.00000 3950.00000 3707.42498 0.00000 1192.68604 2549.50976 1450.00000 550.00000 3259.60120 3758.32409 4879.97674 4269.71346 3798.02580 3988.10732 5580.77056 5886.00034 7413.94692 7025.72900 7573.14334 7669.74576 8622.35467 8822.98136 8547.51426 9004.72098 6177.78277 5489.30779 4750.00000 4220.18957 3318.50870 8143.24874 10244.63274 11576.80871 11801.37704 14820.00337 12052.48937 12110.84225
7800.00000 8360.02392 7536.07988 6921.16320 7524.36529 8412.24423 9080.88652 9663.97951 9094.64128 8592.00209 9676.42026 10383.35052 11536.46393 11988.01485 11502.71707 11109.56795 9737.17105 9572.48662 6427.48007 6647.17985 4220.18957 4750.00000 6040.69532 3050.00000 3688.15672 3962.95344 3669.46863 4914.73021 5264.20488 5561.02509 6091.38736 6451.74395 6275.74697 7822.44265 8046.76755 9030.64228 9350.13369 9551.17794 9433.18610 8500.00000 8674.38759 4992.49437 4650.00000 1192.68604 0.00000 1432.65488 1700.00000 1562.04994 4443.25331 4914.51931 6067.78980 5457.36686 4951.01000 5093.37805 6757.40335 7076.19248 8594.94671 8173.85882 8668.33317 8732.84032 9760.25102 9983.61157 9737.17105 10197.18098 7325.46927 6647.17985 5491.81209 4750.00000 3569.31366 8532.87759 11395.17442 12756.17498 12983.45101 14948.24404 11264.10227 11300.00000
6587.29838 7252.06867 6850.18248 6307.53518 7135.31870 7891.36572 8457.24541 9034.65550 8753.57070 8335.76631 9595.04085 10171.00133 11293.47157 11710.03843 11432.62874 11115.97949 9843.27181 9774.71227 6328.11188 6393.16041 3318.50870 3569.31366 4750.00000 1931.32079 2860.06993 4208.62210 4150.00000 5506.92954 5576.25797 5644.68777 6100.20491 6885.67353 6850.00000 8455.60814 8500.63339 9374.43332 9628.73304 10074.34861 10050.00000 9284.53014 9541.09532 5960.91436 5494.08773 2549.50976 1432.65488 0.00000 3031.91359 2982.02951 5798.70675 6307.53518 7407.07587 6711.23334 6109.41896 6158.32770 7957.70067 8335.76631 9800.75553 9284.24838 9661.39224 9665.66087 10835.35879 11115.97949 10983.62417 11473.66550 8726.11024 8038.81210 6863.85460 6040.69532 4750.00000 9683.10384 12793.84618 14114.26583 14334.66079 14538.31146 9962.55489 9982.10900
9500.00000 10049.87562 9080.88652 8437.56481 8899.37487 9855.94506 10576.97972 11158.06883 10410.69162 9854.56747 10780.03288 11584.09116 12747.54878 13222.04598 12569.10896 12112.49355 10670.16870 10414.53311 7625.12295 7951.41497 5885.57559 6450.00000 7731.75271 4750.00000 5344.38958 5022.44960 4539.27307 5530.58523 6159.19256 6647.17985 7215.60808 7151.57325 6820.92369 8222.93190 8658.96460 9737.17105 10118.54733 10037.18088 9804.33578 8668.33317 8713.49528 5060.13834 4951.01000 1450.00000 1700.00000 3031.91359 0.00000 1118.03399 3621.11861 3891.33653 5205.84988 4884.32728 4650.00000 4975.18844 6247.59954 6408.00281 8009.31389 7803.15116 8500.00000 8664.43882 9414.48352 9521.68578 9030.64228 9408.10821 6180.00809 5561.02509 3832.75358 3050.00000 1931.32079 6865.85756 10206.86044 11706.83561 11954.07880 16260.99628 12955.69373 12986.91649
