100 0
0.0 1134.3465019491073 421.2665410236136 359.28688966479154 521.000255495139 626.7391279416021 698.3522377711695 55.3599209627329 498.5139862200459 547.1817958092174 588.56597273118 324.64457333520903 232.4183266203419 278.4895411537029 129.5574982469179 758.8960930193276 735.84826390296 87.72936564799724 834.1830512909023 516.2490276416994 256.83892833057837 551.1910620247755 1050.0763724011936 759.2498162735438 824.8828861287703 512.1814227956729 655.6631928337904 803.3187849079591 913.7441514813706 445.74515817399526 878.2772415046402 390.55997431380496 519.9189578588188 657.4641950965847 957.1095156662703 501.68578847920344 817.3693243357008 798.0857388088075 846.6372435593712 767.6644920696867 600.9762761914983 734.05124186261 791.171563580675 866.3666540781738 786.7707156077938 752.7119711390275 546.3228401055552 377.3277862234507 259.8524496093892 748.8633864470877 240.93032775771508 694.2253371118055 591.0210164198901 824.7686627661118 866.0971920092807 746.2936849290634 573.78464677438 969.5461928397224 814.2634814161814 21.66001285779836 565.7968896432712 93.69945686608806 159.0749043815526 370.17465652986033 315.2422820704736 837.9755238478031 182.55733399948642 213.7729476242878 102.91903532874812 840.5635012567462 130.72240131289695 784.2254262812445 756.0841553544158 525.9770563560734 281.3678873112568 874.390778112967 821.2094712635748 478.16622762068823 585.7551017225545 374.6884496130218 402.810693737145 287.7102708003313 244.2899782349044 929.584574705282 294.62140316854084 172.54164284890797 172.49979484045784 925.2022171720083 1149.5788394710864 219.3881420701677 311.40918375186055 668.9491823935507 864.601127578492 693.8678442362062 795.0526219219707 886.3857091540617 166.2945209349962 766.4438962063696 543.5958804884378 820.0471523449124
1134.3465019491073 0.0 807.3109240730464 953.3741069392414 759.3179783490418 603.325391525598 752.5016853129938 1099.0532836840878 1007.99805759019 758.975371245152 641.4743557514174 1073.3676569335298 928.1486437316364 1088.2336107466338 1047.7424154785642 378.4293706637689 924.2194727954915 1207.9073858224795 730.582613909581 915.3347090349936 997.2198911873732 824.5782051718176 87.3978631359827 872.8405355257088 870.4337456142426 967.2492048667684 763.1636673435104 611.9497537704189 371.7431371453736 952.7204829293617 273.5584469648053 970.9673152075594 799.4269927280139 725.391203906772 317.19018520060723 642.2982204393812 640.4659042885233 890.7926708373594 541.593040061842 725.2770550844443 817.211605925354 809.636321315068 842.2674921821963 341.8576231615496 354.96649772286406 759.8169394629052 600.7324999424253 1005.5191137533916 965.3395262579567 763.1393565508047 1014.7224397494992 471.7246131547685 599.9602148185463 827.530087734033 645.1570900021237 736.4042840808681 560.7198239464304 307.55094925269884 497.92424626316017 1118.5111528870225 715.847870120849 1158.522280787295 1025.7450102829534 765.3690596042906 948.6754100131383 352.67505972741543 987.6183190621042 1123.5307155821474 1038.2060092476427 972.3924989068129 1208.1250222613744 953.9766537716088 788.0170785738825 929.8447856161457 981.1423298747212 368.76810785475493 538.1868378895344 914.7315997636443 646.3341166309543 932.1230819689243 865.4522352177363 1011.5355883739218 1045.1646085459008 237.06324981151332 1049.2197210646186 1022.8800898046438 1145.954270009522 251.1309321239738 108.17503227349631 994.1049686677841 862.6696353699347 793.5586822474921 533.2800116606996 487.4375850700438 509.22114502506275 529.3030003360076 1018.0950385271583 414.907943978729 643.1134340258615 414.45806164083245
421.2665410236136 807.3109240730464 0.0 147.2421874905424 517.4735006007555 222.32511952768616 695.8343731736742 416.295565757071 256.05164553464607 129.8037726300743 493.56355107017373 266.27600201670407 192.83212258594273 282.3788272268301 297.05379804001865 439.72516965259126 382.4526263852821 463.9439720968471 421.6608566099061 191.72472983159986 201.12920094307583 601.1670270681851 733.5444487052232 815.6273438204545 869.0997533825044 230.46044684717558 247.10798032641534 382.08580515376354 709.9753402488075 596.7221128722816 534.020210794498 172.40847963484902 114.5055560093048 638.9852442271261 732.2638819902443 326.08248993161214 396.5392898175411 425.38239100837296 724.8053770487702 745.4891009998805 643.8925358140131 760.7028784181377 827.0555852263439 635.2898056868299 511.0863645608245 345.32179347675117 227.325004099857 577.8943997909048 176.6599565776013 342.16921949380543 472.62350907867466 479.51999725767433 208.3205609823477 431.7299907546382 795.7646278962523 334.28394863798053 316.20625348022446 581.9386124360541 403.34057565536347 415.97476118750296 532.2209559384148 400.514927663127 267.8608778190651 246.54026150914996 475.3538292230326 467.40595988712 238.88517820283454 543.0307853869948 366.5559606567598 491.54123498746276 541.369694162141 436.4640790763885 355.16666035538873 210.5551943624283 180.40124692473714 486.15359743706495 404.0003839020452 162.28649278667604 177.10261641206822 516.6969177663149 483.35433195638166 206.64406506357759 503.2613618149222 576.5381428942927 242.54788790875878 257.9456378406118 360.06672293062553 566.8576694038812 794.6489241260508 431.3017129678481 362.30349870930036 269.63735127203745 446.34872517797083 322.12983418646587 383.9881153538477 758.7366112394003 259.77881440371516 397.4609103622644 164.23692754676077 621.7397886970078
359.28688966479154 953.3741069392414 147.2421874905424 0.0 608.6785836096093 359.0826578547064 795.6269971167394 373.68693319676044 161.61017138781864 224.8196555286037 607.0831947221074 120.38513337202333 184.8876907638796 144.79413297851562 230.82825484112664 586.9574130079627 377.37485602779674 376.10172240233123 487.40986135694897 157.0784527871339 102.48415425323107 682.7162672040267 880.4255206542175 903.9427538593416 962.0171910181907 160.638857926717 311.2256735489541 482.5986385983699 850.1761552805455 647.9478746912903 679.8575813359736 42.37308529007861 186.7258998318128 740.6266938782318 875.1875578647257 447.6354927940813 488.2961470583195 438.80169065877624 851.9901800353159 851.6953440390585 729.5945518231342 855.2074686193052 921.0749189292313 777.9347472467148 656.7172641776673 403.5221256102325 372.2119655250219 611.8888451198388 106.79510215829298 399.28277589948726 485.6329674880403 617.1472195683945 353.4612969831352 467.7093291714416 914.0936451467218 401.33019187945507 455.26823359970984 717.6870158397742 527.8907114062531 361.5168927975567 632.4637512972582 309.2163036387312 202.71212795735724 338.8289236591233 512.6604034836317 609.9251495265628 193.81646353702808 529.1547565987255 340.91578935567094 483.78019999582494 489.3390580940889 427.04957513736014 402.94851412680526 167.8610162306904 78.02289167289366 623.1188377075437 519.7327000776459 118.89558587264784 313.5611875615349 564.3674760402215 546.9762608614748 80.09849287595941 510.78100239399083 721.0191232034003 103.98082915614744 188.10801173793766 247.2449372767822 710.6059830377169 937.3162320092883 444.45019672624755 417.8115939631163 317.5854479821145 558.676982462138 466.71332513653425 508.95437454451655 887.6599078885387 196.75383208974623 541.3056641538127 310.9377286419259 759.9179850168043
521.000255495139 759.3179783490418 517.4735006007555 608.6785836096093 0.0 548.1652267017672 189.91906276622157 467.87479656527756 760.9095397253211 608.4267157291829 118.1816830181397 680.7606745354788 445.9447353529358 659.7474641785294 513.2655143159338 462.5943423627228 887.8424046986041 608.728182180684 852.1531529466989 708.7462464979973 564.2043574734248 92.95999919320157 672.808399595494 298.2586649423786 353.78291591416627 743.1271343888607 717.5877208014363 751.4936044465048 442.2855675662615 193.40941478728485 579.1517468720957 649.8917582751761 617.345194422861 139.9684859530889 496.5056551676149 225.84027987938734 782.855921886652 916.0855521030775 334.9579209435269 253.57336474008864 127.56793705708355 246.5335389078736 312.50844010568744 427.13498664193975 420.4538519362144 801.0414986715733 390.21395698385777 251.46257347146124 532.0444508591364 799.8591598681608 308.2564735038666 294.7806289734793 489.199066703934 900.7137689171849 345.16412042977606 780.4405249889321 314.18570486258596 732.4251475666302 684.9558255376766 499.6059652175903 50.02066265054894 592.5175805535224 511.5436298440242 273.2266404306141 226.2308789820701 597.7811066017393 481.7117506777264 409.4075687956152 421.814560589129 992.9770065560431 532.3153007671393 941.3390176233 821.5985332143675 727.3438811628238 568.671593259238 661.4916129392722 720.2810271727279 676.5735180488516 539.9909230533417 186.75813343362043 128.0142591627981 603.0568604319164 328.92737317257445 631.8638154697577 640.5979133223897 520.1870184318328 632.5081694413125 637.874087018747 815.5108223161052 309.79235081744673 218.3213196758393 750.9543003146064 760.4276173338261 513.0041277114641 671.8155174368928 374.3845614362976 508.3209296546818 548.3607127521082 471.12896927486844 360.69780304432135
626.7391279416021 603.325391525598 222.32511952768616 359.0826578547064 548.1652267017672 0.0 691.2011981333654 611.5309942709363 406.52611146149025 156.7401500701079 477.1844033515764 479.08309195065516 394.627090200356 501.3537815485187 510.29374978045723 267.0658103408223 390.0211448549935 679.1050806480541 304.5789071620032 314.9453434010417 423.42333687811794 640.922151298424 537.148710862504 826.994102294575 868.5149270338017 366.92009031940427 202.80645453239484 208.62004259658238 583.2107526450536 685.6735832421721 331.8222932715643 371.0446637980394 196.39814553095977 634.8702659039876 590.1230397646092 322.3603672863647 237.03085369630668 394.2669807237226 647.0362529375074 722.9514995371472 672.0693895142078 762.8544355064339 826.3603854849831 499.38834631477926 361.30333756692585 263.00573954383646 157.9746499283984 691.437768983218 397.72727512832216 262.93947533605575 619.1850109988451 383.71675353182064 58.990876760734054 363.18029854329905 739.8619594848627 239.65192794968291 247.35506707767254 359.9571861277393 187.66913277627754 617.8787768567553 542.2967062310078 618.0212972705714 482.44819556611463 336.2781256638618 594.6809263731266 253.14871234316027 449.21111349787424 709.4110231162865 554.9045453949716 479.2778463814074 736.4872826217775 437.2526945886093 287.85536233497606 330.8403117305992 402.5963066857421 264.5627847789631 200.54479017416566 311.60272188798336 45.6527934413671 618.2192632754255 566.0340983103403 427.26143872926315 652.5914085761549 367.15487717991704 460.73066692374607 474.4056789584205 582.0956159128841 355.12459856365905 579.4533006002208 581.912220124307 475.19122563658505 239.7463002801086 244.96977866055238 121.30252485418443 168.5774926020672 673.4125428635324 474.2454934419514 188.62112228751107 91.16454510937903 509.6405382659428
698.3522377711695 752.5016853129938 695.8343731736742 795.6269971167394 189.91906276622157 691.2011981333654 0.0 643.7318848721103 944.785153063383 774.7762387586496 214.27490156572233 870.472577592195 635.7862997242077 849.6568371689831 701.0509402604065 539.8084332798071 1054.44338370583 785.639909106583 994.1127260693327 887.4985467464159 753.979355909696 150.59737179645595 672.3404974707755 140.1548168027414 177.67842338598686 924.6715357406649 876.5790316389048 882.4006836409409 389.1418388115187 290.8634861050111 635.9248998435271 836.3120601306667 788.6941552547477 57.41922613550294 447.50455315194563 379.98277385428935 916.1076271077542 1075.8362704770648 231.02613932325926 70.79661548273333 106.12843389497463 72.54754433362993 135.3154762985003 412.35933481104803 465.810111880367 952.4758728492812 536.8534253937474 369.1882758099043 721.6012553093294 951.9104698956725 468.96818437569937 352.5925660475558 633.9163140052478 1052.9670245971618 185.72521192805485 930.0583766651425 444.212187957512 801.2234654189804 798.7025371187949 676.7108543868645 163.9664345956207 775.2250849456562 700.5074943581974 457.4286958040565 387.2125846366567 679.9095519434919 671.3111312089202 556.1961948797352 602.9171286677797 1156.2580138554715 690.928050719183 1106.9937130273142 975.4535350215305 906.3756924747045 758.029038299985 747.5031404462458 839.7029270575398 857.1964702522986 691.8943991173797 332.70833548892335 295.5548077717566 792.6142333645038 481.5969533462707 682.6280428652195 830.3745009120884 709.5004088885362 819.6111987643897 693.1962732300282 829.1655113221304 480.4615521110924 406.02925744458366 911.6887954916415 875.592682181618 630.1276130570697 788.7497154516127 262.2229496508437 697.5113857572505 646.3647818747554 625.6475625685758 339.87103204156716
55.3599209627329 1099.0532836840878 416.295565757071 373.68693319676044 467.87479656527756 611.5309942709363 643.7318848721103 0.0 521.7656221044083 545.0074284429525 539.1261830517972 355.79111547226677 223.52639653070057 311.93214868781934 145.15209070833222 726.3109686415316 750.8080873299114 141.9124785633733 835.3900026753971 530.2139588845242 273.1949944728125 496.1731221872058 1013.9356873659442 703.8980474337245 769.5246262637277 531.4024979711705 657.6319676916565 796.13931341757 867.5131942762657 390.7143595290041 847.6016374465071 408.60657773584586 521.1320338359559 603.5145171186854 912.2000758670888 461.25453762212453 812.387483838839 810.1774132009606 795.6671695205288 713.2334684460691 545.8735768215932 678.8330145343846 735.8294931068541 822.8386200425998 748.603255339569 755.6669248743127 519.3400085358338 323.2588872057348 269.00838657744487 752.0389345479394 185.89938774950244 651.7029920945582 571.836543432649 832.4283084566503 812.7165369673246 747.4517594948853 538.5935488780012 946.1695946250862 799.0780832841054 33.93909945770438 513.3673604359747 144.92419635795736 171.36272051120105 333.73382801568056 259.92873108219476 812.1969092461507 184.17725280826576 169.63155783962017 61.02446750279697 857.4568644835728 125.57630780768245 800.7363836875402 761.123282227656 541.5474606200272 296.1596953283818 851.9329417835654 809.1436777878204 491.3546786690851 572.5057920693903 319.3298113891184 348.29351914154233 308.6993772604667 190.8715946033091 899.7793337574496 322.13534965601013 186.32265404399948 217.24875580080985 896.3279154511478 1118.4873377525066 164.1621952704093 261.8793613708418 673.7405641966349 853.0604097278222 670.3907793294893 780.0736596052965 835.4452795298737 176.97176024439563 741.2886367569653 525.3110016485472 774.319932101712
498.5139862200459 1007.99805759019 256.05164553464607 161.61017138781864 760.9095397253211 406.52611146149025 944.785153063383 521.7656221044082 0.0 249.79598590850082 747.5893430446959 183.37815055507548 346.4527875079085 230.87190142804278 376.6188265249097 665.7465065751378 253.25151689575273 495.7173234354434 420.37178290175484 92.98262359172297 250.57433748291115 838.5769568292465 943.6123345851568 1058.2358412214217 1114.6587047101593 42.31200420684037 271.7320674856024 458.42670077232617 958.4175238640046 809.126009613929 738.1314082167213 119.81360090156731 210.8172054173951 888.695062919222 976.1011833228266 581.5313611397067 452.09317160956994 324.27919222947395 980.6358994339387 997.5134432977884 884.3178541146843 1006.9543506975081 1073.17549204037 880.3512200024545 749.3852018988632 338.4788032078227 473.9747938023708 773.4394637395288 265.0629387013583 333.6981024369181 646.0313214363837 731.8597699949082 423.8586667805674 371.4961984004682 1051.406597711761 346.5052743177228 568.8053350110212 739.8418089760811 536.3351308137479 504.66957524503107 780.845675132417 430.9710371939163 351.60517535582443 487.9798946555072 674.2554907718586 655.5236865079705 350.2152064916656 683.688766550114 495.93868338737195 348.6967432999626 628.9380534132197 294.5020708331259 326.7151201658716 80.86347122155901 230.50626104511844 651.9340433525465 514.1921908177916 99.08202381865169 366.5932291750627 725.6368510799393 706.3434950801204 213.09528769308838 670.2601932651304 770.9847142330384 205.04823699802856 336.44865228441626 353.30064659578517 757.6238119574912 975.0895373113641 605.1185687863166 577.6615953878186 258.4799292053446 544.976666246363 526.8464577274864 519.5360402205026 1014.2302863257876 347.10070257779654 594.6815868756994 392.98577982542804 872.8354073707138
547.1817958092174 758.975371245152 129.8037726300743 224.8196555286037 608.4267157291829 156.7401500701079 774.7762387586496 545.0074284429525 249.79598590850082 0.0 563.4192975484599 339.62457159192684 321.9816147856893 369.43172233715916 420.2091726426257 419.267357356854 279.99082573898744 583.383927521148 291.8630126960247 158.4082671390608 309.67495869863285 697.211908542159 693.8263302248264 902.7457893236667 951.5870153631406 210.30047122153533 119.4009468806679 260.8408307550793 724.4249570085295 709.9653715567823 488.3858303145167 226.45255275443455 41.47194835066071 717.3578968137174 736.7690711824313 394.90526733002685 271.1420162940447 309.99617009408377 768.1834241920415 816.9114883994532 735.9822795978175 843.3689127236313 909.1357398827141 643.0652066151689 507.9402348869403 216.60998423202926 251.4393468174781 697.9721671053152 292.95931967595766 213.69898319365086 599.1643247964952 508.50059083643157 180.0399960814268 307.0118274627221 851.4465027824008 204.61105573746428 351.8339535647464 500.99292524046706 304.9063698531076 543.1625413980606 614.8533149727665 518.0202655070551 390.50081616432004 350.80967852669045 595.8731688975432 407.11164095982315 364.7702822572036 672.4190365440411 496.1980455261791 384.60997285561876 669.6221921226999 333.13046299160277 228.65214831485912 174.8031038912062 285.5528958301773 409.1162171437353 294.9223240956845 156.09729992539894 118.3368043382956 632.7855285301727 592.9991537346407 301.84940014020225 630.4645453725452 522.1933484802348 328.7291751579102 379.07861488614725 467.0567332187814 509.3528326857523 730.2470103084914 558.2476936074166 479.1227855591926 146.72422257418842 334.06000033676565 277.408702682522 286.3369233612739 798.3315217291179 382.67396921400325 344.98399900430155 160.45307630893203 644.2006596767811
588.56597273118 641.4743557514174 493.56355107017373 607.0831947221074 118.1816830181397 477.1844033515764 214.27490156572233 539.1261830517972 747.5893430446959 563.4192975484599 0.0 695.4840619201852 467.8973384515027 682.1534812291146 556.3055294970561 352.84390250789374 842.2901247266288 675.0398395650438 780.69308026266 683.7540819739214 581.8502938944004 196.08072424641853 554.8214843048618 350.23860315249374 391.90645982725266 724.0032471432706 662.9016485678702 671.1996420179319 336.9646594861395 311.4588161432584 465.2818667367127 645.7203131581041 579.7252961963968 157.68805692569123 388.1272751053738 169.3999599321086 704.3677849887797 862.0380130974504 261.2000152481045 253.79210252253714 209.32362371218406 285.67456933972966 349.58462231381117 312.5708859135956 303.40962617062763 738.2028115667131 322.61589735473353 365.89567226996553 547.3154641931836 737.6358217006547 401.65350022630207 177.66325918714878 419.70295838962124 838.6935367081352 307.4202589113491 715.8211742104309 230.8113248023156 622.456253991395 593.3323539745661 568.1096568128377 80.73699056194734 648.6690567261552 548.4361192746153 272.08616251841994 324.2700504733671 491.0959072167065 514.0106113535012 508.2477596520583 485.9274517065279 943.0221148594555 620.1359371878153 894.4434359874299 761.2075796108445 702.7975966521228 581.1839358318502 556.7020132350879 632.1956150591366 655.8497565281243 477.7183576512421 295.84656579485585 230.9355581975197 616.9799510073241 426.99688922193576 517.1759848146469 656.9445525841583 554.2680798115656 675.6964160575369 524.0991867127823 697.4883567079023 393.9362490759133 277.33835234961646 698.2625980761105 669.973053345431 422.25955097072705 581.989838394108 300.4748288129788 543.6873128481112 447.6556656102994 411.875893643947 249.59196517917002
324.64457333520903 1073.3676569335298 266.27600201670407 120.38513337202333 680.7606745354788 479.08309195065516 870.472577592195 355.79111547226677 183.37815055507548 339.62457159192684 695.4840619201852 0.0 235.04215120058743 47.92900683302292 214.9371735647422 705.099352741158 434.94878596105985 313.3172597942857 580.2542285386639 232.97610553230533 116.65632071173853 745.7609649237481 999.8009866324646 968.2369267119541 1029.2715177981609 208.56309160779102 411.2270958497265 591.1153595111531 958.325443100834 689.0310957763517 799.918254071627 114.26015622254376 299.47086118185155 817.7524465814822 986.1678687003154 545.1655166369201 593.1348290304658 504.16644899279055 948.2927055639572 930.8563032888642 794.7425591579955 925.0595272206217 989.6909386223005 888.8671435611792 771.5071137001912 495.8756195862022 487.31217100437783 641.0176765555611 149.16119518158868 491.3115647824705 504.8680273456023 724.0750605427588 473.6096611535706 545.270708636545 1002.4884089598048 497.927824324972 564.8377734270256 836.8540589338143 644.419327782772 333.9163135352928 710.5862581347883 249.81999699983945 196.74734370760854 423.3980208326439 548.9665656640666 730.2911141647555 210.81490261601482 523.8299984195411 342.17952570690136 532.0739552665589 453.0963538125305 477.739846772278 490.1393753801058 234.85289909430506 114.30624743206283 742.6824234092253 633.4269987401863 204.33483237323955 433.6533561382869 605.9378502521606 601.1015234226245 78.55049850892085 524.0714421381973 841.3611612868756 40.57338251859263 182.57715618608995 170.17444941000988 830.9882098032438 1057.660704827257 466.7331757321307 473.24644175841405 410.1920230343346 670.7696939322764 587.0042431984627 625.718934197296 985.2249688513526 195.15806653325896 661.6745796809789 430.4752388233263 866.4763797871237
232.4183266203419 928.1486437316364 192.83212258594273 184.8876907638796 445.9447353529358 394.627090200356 635.7862997242077 223.52639653070057 346.4527875079085 321.9816147856893 467.8973384515027 235.04215120058743 0.0 215.2269956511029 120.64918128607479 549.7205372086802 546.1644521808427 287.77699263492224 613.2364617991987 328.77814409415964 118.38638555594122 511.29159012152735 846.9973855740346 733.7989781505627 794.4400897908728 343.2365112163912 436.4409542103032 573.093951199103 755.6437651899273 464.73869098339554 663.041037384565 226.73775667276936 300.1827801856727 583.6121200189386 790.5652328514217 332.05412053609564 588.901702510699 599.7203035557493 725.9219251860424 697.0322428472086 560.0002153446015 690.0234921118556 754.7230396009453 694.7403315085501 594.2846982120607 534.8129267706607 328.609583432985 427.0015881915312 88.05044261671772 531.363770682571 302.5149569182324 523.0795537095672 361.2517099378215 615.6933988683005 772.7794887304275 525.4519937977208 377.71711556798687 742.1424027536765 581.9955715544577 224.94201601746187 477.0675772644794 231.89493464066808 97.64773179649362 199.27551992153965 328.10564386489904 614.2261496427843 59.49739969107777 357.2678742622354 174.7694115685004 655.2512245299507 348.80610482101633 598.4828993287944 542.0040824062122 343.39393810898866 125.78189257997401 646.3374363674131 588.9142350886079 289.809975590903 353.3477204864918 381.0199015642227 368.8847853327649 158.25825104872087 329.3097585839356 712.1130952461133 194.72643400422015 96.3026606693715 223.02950683934165 705.9876075973287 933.3187150463073 260.9496069244022 239.84834313790867 454.88071266432036 632.4228563492941 467.9657372158779 562.7573119453891 764.0541801361006 90.1443888991425 542.2834734315624 313.397440278315 661.5580159260411
278.4895411537029 1088.2336107466338 282.3788272268301 144.79413297851562 659.7474641785294 501.3537815485187 849.6568371689831 311.93214868781934 230.87190142804278 369.43172233715916 682.1534812291146 47.92900683302292 215.2269956511029 0.0 174.79409556389484 715.8880158600225 481.4838561208465 265.4011645283419 620.9132190902363 275.3094971209672 101.56906786024904 720.6506225488187 1012.6627809607944 942.672861160546 1004.6980707759569 254.43733143742858 449.02248550490214 625.4820639043135 956.8347408299983 656.6109077884405 815.4833548056023 150.5121551104757 330.67084316734065 798.1943897384897 987.1738572491283 538.2625388581299 629.3883655494434 550.0364989652959 938.3279695058706 911.7771349323309 770.2021013896288 901.8857435072582 965.7897089859107 890.0865114107785 777.216484875353 536.4603965587768 494.94125561019854 605.3753999632706 136.92793936958185 531.9750040227452 467.6076037147385 722.4322670673008 490.6266310118112 589.4011930637736 987.8026050819064 537.2092439831987 566.3731795644987 860.943031742519 672.6241015991026 288.67169966763265 692.06866838053 201.97708302923823 160.47918516742243 411.09946196632256 516.1077021949973 749.6755447125108 180.91684926783304 480.91636152101984 302.57874501193874 579.5166169015343 406.1206669232802 524.9477326458317 532.0743439952731 278.7366082971521 109.84502760707888 765.8828998593714 664.3399173051399 244.04628500552874 455.7023810449095 574.2300137124582 573.6652500169414 76.83272604821519 485.15277193973645 858.776657303865 40.883477457281735 147.56571290445473 122.4372306776006 849.2253684953129 1077.0003635214289 430.6867790691977 447.7115551390203 450.3805639867244 702.9288600206992 604.4573413674451 653.6559399600067 975.9379993574945 160.36975267487244 679.8384605919263 445.63353239180725 863.9509145460753
129.5574982469179 1047.7424154785642 297.05379804001865 230.82825484112664 513.2655143159338 510.29374978045723 701.0509402604065 145.15209070833222 376.6188265249097 420.2091726426257 556.3055294970561 214.9371735647422 120.64918128607479 174.79409556389484 0.0 669.3724156192874 608.1126118713541 168.86861937316857 705.3382803173242 387.899589482897 128.9462385104746 563.6354719284443 965.9899140639358 783.0734447152514 846.7451337599349 386.7533018514515 526.7836557382927 678.5237949622696 861.5536884218011 486.7964862941803 783.5377973352657 264.13885022843584 391.5275162756765 653.23385265156 899.5080805691089 438.2431826668842 691.1540103573153 669.3217316253823 817.4049161847572 766.7395368176929 613.9215735686441 747.4718330388376 809.416639682117 804.9543455112284 710.3445230942518 623.5202166409684 449.02917183742096 432.04466092742086 130.3649470985212 619.6323564671234 293.36294251837626 632.1156828366151 480.0915620524903 695.2435789599213 853.1976197043689 617.5386636713528 493.65853892138847 861.5384084589614 696.5165846410264 130.68918710054035 551.4631664454118 111.26565963045383 29.8004150977811 302.21568676195506 346.52106491958057 734.6097475748603 61.84693707048204 309.86600170482814 127.79611873996878 713.8673362754457 258.6693834991108 657.2891209399407 626.5986789724348 398.34128685964777 152.8150342669205 765.5602919986119 700.2933234416848 349.4879026933551 467.49258673266706 405.98119567119113 413.50785519140993 163.54759851492776 310.35945708679503 832.7404919529254 178.9213621482911 43.03157920644138 119.83979173880452 826.6359249415669 1053.935761795419 257.5518621578964 295.1537044880178 539.5176600974244 743.0522784205698 588.0986916062644 677.1788071558354 856.4713910349305 37.53590794159537 662.6574619997876 432.1040500296197 767.0935173608235
758.8960930193276 378.4293706637689 439.72516965259126 586.9574130079627 462.5943423627228 267.0658103408223 539.8084332798071 726.3109686415316 665.7465065751378 419.267357356854 352.84390250789374 705.099352741158 549.7205372086802 715.8880158600225 669.3724156192874 0.0 648.2964545707466 830.5270558368343 512.0083717489392 576.8518568064075 621.9503726070111 548.25404824406 298.2470811847955 679.5321523279159 704.9847677532686 628.2013639088981 463.8129224126904 385.01096143616473 325.86806958401115 645.7093967812145 124.9965685329008 609.6365630242334 455.62989149198734 491.73899303797333 325.56531036171924 284.70632806806384 420.6270086965413 639.8640856385051 424.16677287808625 548.4589516751549 560.927501327043 611.1181999973818 665.8891852933864 240.1260016462399 102.23100301767543 501.1815305216268 223.09792598991146 681.5427362156316 589.2236404354463 502.67188196775044 662.326429599061 187.23153956532002 241.97678783304832 594.0827051859027 530.26514381464 475.76890012378936 190.4051110500977 269.9689983127691 278.0837891859212 743.8953805455442 433.2732942727949 780.249198639127 647.3238559515631 393.64216920573955 606.9697185239146 140.20422478655902 609.1889510135588 768.8726161720004 665.2865286423588 726.6357615511364 840.0517452282389 691.2950468403486 529.3626353814558 593.8403117783433 607.2448086315767 207.69501132429713 324.66610998532036 567.6443037298974 300.93885863078594 604.3185036199123 539.0304517084355 639.0716407446039 694.7549584493875 179.28622459631447 678.0032490224511 644.5680904582541 768.1896777359092 180.81565092657235 392.7165178798699 636.1274298762788 505.83093393445205 499.89785459131565 352.1467712900405 148.83418446378542 274.00578305028534 441.8919268669082 639.6855829647874 118.34152589856257 277.7436973974389 267.8775615631142
735.84826390296 924.2194727954915 382.4526263852821 377.37485602779674 887.8424046986041 390.0211448549935 1054.44338370583 750.8080873299114 253.25151689575273 279.99082573898744 842.2901247266288 434.94878596105985 546.1644521808427 481.4838561208465 608.1126118713541 648.2964545707466 0.0 743.3174372581341 217.98472187288706 220.60470374858315 479.3124014721505 975.7709517612215 877.102756166146 1182.7205730471633 1231.4401313463557 227.3897931966163 187.23118792017584 314.2445540164538 971.1679725255616 979.1548497710461 679.0393809802196 345.61848204197656 272.25231071563 997.0365844305815 973.8427858622368 674.4623590957467 290.4947182617958 73.53734711695729 1035.1863303757493 1095.2048418846632 1015.4057367338437 1123.2838114411868 1188.9802414934784 886.3576167944912 747.3564642826074 164.91564967885859 524.3131369572958 958.7385122406891 482.1453614512951 161.34331159363316 845.8955978024948 772.1509236315139 436.950589432032 135.86040629999619 1124.071556062585 187.8236657399705 624.0096682047483 624.3093895441588 426.39680250325534 738.7835296972991 894.8428466054808 677.2352698213523 580.0802403642103 624.9302639831103 856.2785635305837 585.2555456456606 568.652211577516 901.9173931711797 714.841183840159 109.63757334965001 866.2978557809145 54.05505416702107 137.68663416976992 209.87762058876086 455.3221499740597 555.8893207968648 386.8871158671478 259.5859421655954 372.5715279956319 899.0421949796406 865.0435142557858 449.09545266123564 874.3535994198286 695.5235890873868 451.1804465377458 565.4756105527451 603.1711091696948 678.6951276213789 866.8980828590464 804.104937602052 744.6995121738701 150.27638698078889 399.7389764396258 499.83410148768365 416.14270226690246 1062.6648697082014 574.0336167891214 545.2066079065808 432.56629111963855 899.5971305256593
87.72936564799724 1207.9073858224795 463.9439720968471 376.10172240233123 608.728182180684 679.1050806480541 785.639909106583 141.9124785633733 495.7173234354434 583.383927521148 675.0398395650438 313.3172597942857 287.77699263492224 265.4011645283419 168.86861937316857 830.5270558368343 743.3174372581341 0.0 862.1431184495996 528.8194059374144 276.76217863898984 637.9762898423421 1124.6755500571044 843.9092990435702 909.7129396992933 516.1014572678515 684.3191191206046 843.5046026815738 997.8431407594131 528.6060567732459 947.4046508192791 400.1023773048592 551.8352951470212 745.108095967961 1040.1231497124381 581.935731094938 854.3856872455202 809.5803385242258 933.7520279322611 855.0973846883231 687.5796244246917 820.2980833327847 876.6521579145802 948.3218393239766 863.9755208760258 778.8080865688287 613.2584110356744 457.48301715352244 290.43938390824377 774.6689699065014 324.5268003602168 775.6149750778411 648.6330838779347 843.0283496276979 953.8259372498322 775.1133748607361 648.928228263342 1029.8513317916331 865.0611708388026 109.20103078268082 653.4417116660063 66.89549965431159 196.81830906955764 448.03298047576817 401.2166777615307 901.6814830443177 230.40308709737403 280.6154465351764 189.18679943907276 843.7895515790653 160.6151625028284 788.6126628206015 779.0116850965718 535.7120147429961 301.9001501308007 933.9726452632325 867.8776684418144 492.89951026350184 636.1184042432667 460.07238819408633 490.1711994803449 297.6046273245764 324.0973110521131 997.5726679540694 292.24347111612246 206.00441786039477 143.69493315005894 992.1479719542846 1218.4758976562032 305.82322576285804 398.28420727415244 693.2392867632359 910.2874874175741 755.6819790798244 845.7107690185812 973.478726215827 205.00916397078427 829.7740886126778 600.6767978414016 903.8446207186278
834.1830512909023 730.582613909581 421.6608566099061 487.40986135694897 852.1531529466989 304.5789071620032 994.1127260693327 835.3900026753971 420.37178290175484 291.8630126960247 780.69308026266 580.2542285386639 613.2364617991987 620.9132190902363 705.3382803173242 512.0083717489392 217.98472187288706 862.1431184495996 0.0 347.6757949613402 585.4208668342803 944.7006439804093 693.9268601353099 1130.8656524028 1170.875772766919 381.99397277967586 178.5546291754992 128.82595156644493 836.1927010607125 980.7872845722256 509.774059920667 470.81099001297775 314.5383620482559 938.2307494475973 828.0570784943646 626.5752205162602 94.38254510236504 165.1500829215653 929.2372318826931 1022.5769789768445 976.5679516029594 1066.1173560162315 1128.9357521186448 750.4689096274475 614.2063065005113 84.4533813236625 462.345916789583 977.9067519151763 575.3400126924948 88.96382794147418 887.575790302124 670.2374377286006 363.29724607406536 97.45049222040925 1029.1835744635166 87.97061142222496 549.9805763561109 424.0181863045498 246.59893001592704 831.7045361581239 846.8580032266331 795.4786572372637 675.5612479153907 622.3642015219064 877.3396431302989 415.7191611953913 653.0668678979206 963.9106154581847 787.7892959846561 242.28375948874557 959.1844393243721 231.7400090554065 94.10116701189342 348.5352028274906 560.255977971677 371.1687006874366 199.71575673942243 376.86696339159215 314.36964889919045 908.4165050297194 861.3791585416959 567.3661225919292 919.5357486302586 514.6114303948175 583.462189983207 662.9542967927729 733.909101026142 496.5622293821792 663.2862205423008 847.2478795028053 758.1826998144973 170.60476636366232 197.31162646179777 376.2733498402457 243.58911743343594 950.772916847135 668.0893408055541 395.8836621294191 383.46681653175676 778.555809187755
516.2490276416994 915.3347090349936 191.72472983159986 157.0784527871339 708.7462464979973 314.9453434010417 887.4985467464159 530.2139588845242 92.98262359172297 158.4082671390608 683.7540819739214 232.97610553230533 328.77814409415964 275.3094971209672 387.899589482897 576.8518568064075 220.60470374858315 528.8194059374144 347.6757949613402 0.0 259.4166635299282 791.1929376738647 851.6324248032422 1006.9908818078791 1060.7856910152634 52.02033265945218 185.24614244296703 371.3045336768726 875.8953960681663 776.9517068192591 646.0584890627165 128.7646373388276 121.40007496702708 830.5890895051537 891.1347264667237 515.0840748664241 368.0869106855064 282.04743274314745 907.1571343966876 936.474830757138 834.7240720741196 952.407349572356 1018.7624227778967 796.2378171624417 663.1600493644049 263.48922833580843 393.8321028687225 749.5669851747008 261.582997239882 258.8635335461527 630.7821337546268 653.2232920625229 335.7714637502716 315.04730434015784 983.0821131107822 267.25782981982 491.5794726033626 647.3449018205058 444.4278184958721 518.5851402768885 723.9375942282594 462.09415773194957 359.6417124430925 436.53181147082523 647.8932364903958 562.76526515502 348.24872171481115 682.3778995229377 494.79279834088135 328.0981273856956 646.4048278917863 271.2343090853364 257.17023475705713 19.07920386179625 235.10133871375555 559.0358415021346 423.9215491809777 39.208645602721745 276.3376138440079 694.7578851388517 667.7326948293006 231.62653757503696 658.0672840000557 678.287232804068 240.03096912273642 345.1274347396916 392.8663449126176 664.811439466109 882.1390448374281 589.0564837093298 542.1194416915888 178.64970634176856 456.336370837346 435.8092215109728 427.3699681938357 939.4481466225525 353.50755895737205 502.57026971857397 308.5193180742494 792.4796165870766
256.83892833057837 997.2198911873732 201.12920094307583 102.48415425323107 564.2043574734248 423.42333687811794 753.979355909696 273.1949944728125 250.57433748291115 309.67495869863285 581.8502938944004 116.65632071173853 118.38638555594122 101.56906786024904 128.9462385104746 621.9503726070111 479.3124014721505 276.76217863898984 585.4208668342803 259.4166635299282 0.0 629.318363788949 919.8298555832215 851.8210716672897 912.6958266616157 258.2160850624916 407.56836266447374 570.5122319214548 855.7921855744011 576.5663162165823 725.9288506410253 135.41252616357218 276.08908621131695 701.4906641174921 886.8361024093588 436.6936743301877 579.4919416048855 541.273689369805 837.1426185626975 814.7429193594812 678.1967248321096 808.4042965497154 873.060436863159 789.8866899058435 679.3415261560272 502.2483627071374 399.4271812696278 532.4827168043016 35.381156708056366 498.15318717940585 399.8675313143591 621.4682490505851 405.11603246477426 569.5305041426669 888.1842149531261 498.3518182057732 466.7287807753022 782.7228153388658 603.129591257136 259.5159327690692 594.5647670725201 210.25450593269096 101.87358583067527 310.21910656985654 437.42142875378204 665.099520470433 101.51594722505487 433.12331727277905 245.44075271437697 584.9213104657755 387.0438246426493 528.346541023976 503.2350014734667 269.47345640155356 25.208376147625298 686.7792066778085 600.5959881526016 221.37942248772802 378.2293146809222 493.05570915304287 485.46982761547605 41.65340766371893 422.17521152598476 771.202284013734 76.39558694715245 86.87238595203868 159.3280557654549 762.695979689155 991.1580165908412 360.03196238250865 357.1086062712575 416.9449126695275 641.593207735244 518.3254179615353 583.8335884111159 874.63526455295 96.79496667182624 594.0712973591639 358.37114251289813 762.7260590179151
551.1910620247755 824.5782051718176 601.1670270681851 682.7162672040267 92.95999919320157 640.922151298424 150.59737179645597 496.1731221872058 838.5769568292465 697.211908542159 196.08072424641853 745.7609649237481 511.29159012152735 720.6506225488187 563.6354719284443 548.25404824406 975.7709517612215 637.9762898423421 944.7006439804093 791.1929376738647 629.318363788949 0.0 739.4894916638438 222.5106118148301 284.0841892744649 823.2153405063585 807.9960840406345 844.4535372855038 486.00590780402047 147.20676309314052 661.293266535355 724.60938151807 704.249379649709 125.53715597383912 543.0636642953775 318.6898598732002 875.7979993314668 1005.9425216790471 352.5277157328343 221.37839907861382 50.39634634574234 184.3421679443963 245.86615681360053 485.2899301413641 497.74648191423717 892.645216591676 483.01236384279025 222.46555876335105 599.0238022983729 891.3746721356849 318.78200302250434 372.5282956340364 581.9406474495488 992.0637274474861 332.38817008275265 872.3158358444492 406.6108291843688 818.1335650479084 777.130799600685 529.5323476058852 115.34653025557373 631.0026585086625 566.1619403704209 354.7722478168213 237.66076761846918 685.4026152853519 540.0418688592581 406.0634139990162 458.4765768117276 1081.7733470598173 540.3309281244319 1029.4832015385193 912.796936941618 809.5176937813033 636.448586525259 750.0895360082021 812.8889952416628 757.7282032925789 632.0107789033349 182.16492386463975 150.77762927238248 669.5496937524503 331.00212318837174 712.9579235901654 705.2306202604931 576.4319808832608 680.2395735180363 720.10755020344 887.6453962961167 332.1767865534856 272.96153242719015 840.886564966405 852.8094280165997 605.104668787971 764.2112671434517 389.3634809454386 564.019479082948 638.3431107797751 563.0018847037725 414.6863832355724
