50 0
0.00000 0.54159 0.53531 0.26275 0.56001 0.52386 0.59928 0.38453 0.40864 0.27100 0.36990 0.01426 0.55037 0.14150 0.94167 0.78171 0.15605 0.84268 0.54867 0.76710 0.26177 0.51364 0.07864 0.20648 0.08764 0.65888 0.47382 0.45347 0.36032 0.22132 0.67585 0.40454 0.47182 0.85802 0.19733 0.92280 0.20503 0.57495 0.26352 0.39067 0.28805 0.57845 0.43543 0.41408 0.38692 0.44358 0.66158 0.39050 0.29704 0.82417
0.54159 0.00000 0.63705 0.48790 0.18438 0.33371 0.50857 0.76579 0.67686 0.61003 0.44029 0.55268 0.29542 0.58843 0.40103 0.53916 0.42298 0.39106 0.46571 0.58751 0.41431 0.50923 0.49088 0.34043 0.50684 0.69573 0.66028 0.57776 0.27222 0.33830 0.22914 0.35295 0.30087 0.32810 0.46277 0.66474 0.52036 0.09718 0.44984 0.69775 0.42819 0.23578 0.26334 0.20701 0.39700 0.46109 0.29113 0.38668 0.28626 0.34184
0.53531 0.63705 0.00000 0.27808 0.49227 0.86225 0.20576 0.33084 0.18863 0.29134 0.81139 0.53015 0.85506 0.41858 0.91311 0.40685 0.60063 0.65721 0.20691 0.34303 0.31682 0.13767 0.57767 0.47567 0.44933 0.12620 0.09530 0.93773 0.69099 0.58152 0.57187 0.28705 0.80621 0.92762 0.67707 0.50951 0.71399 0.72839 0.72870 0.23284 0.73720 0.45929 0.75315 0.69013 0.24948 0.17654 0.49046 0.79734 0.41871 0.68711
0.26275 0.48790 0.27808 0.00000 0.41747 0.62761 0.34572 0.27806 0.20590 0.12463 0.54498 0.25979 0.63211 0.17522 0.85006 0.54357 0.32575 0.67403 0.29959 0.51663 0.07403 0.25429 0.29969 0.21821 0.17517 0.39848 0.23469 0.66449 0.44845 0.31975 0.53018 0.19403 0.57017 0.81325 0.40087 0.67936 0.43603 0.56009 0.45554 0.21568 0.46704 0.41361 0.51957 0.46635 0.15598 0.18925 0.48440 0.53896 0.20638 0.67524
0.56001 0.18438 0.49227 0.41747 0.00000 0.50679 0.33596 0.68610 0.57284 0.54094 0.57408 0.56757 0.47422 0.56118 0.43767 0.35663 0.48501 0.28381 0.30014 0.40314 0.35350 0.35631 0.53257 0.35744 0.49966 0.53118 0.53487 0.71768 0.40232 0.40664 0.11698 0.23592 0.46577 0.43537 0.54563 0.48709 0.60394 0.28031 0.55369 0.60261 0.53984 0.05146 0.41990 0.35310 0.28343 0.32581 0.12236 0.52845 0.26344 0.26598
0.52386 0.33371 0.86225 0.62761 0.50679 0.00000 0.78979 0.87158 0.83315 0.72162 0.20357 0.53810 0.05446 0.63725 0.62520 0.86219 0.36789 0.71647 0.73867 0.90003 0.56201 0.75937 0.44666 0.41085 0.54415 0.95121 0.85232 0.29274 0.17983 0.32144 0.56223 0.58616 0.05744 0.47501 0.34509 0.99372 0.37959 0.26196 0.28874 0.83723 0.25761 0.55707 0.10935 0.17376 0.61520 0.69338 0.62237 0.15135 0.44383 0.65891
0.59928 0.50857 0.20576 0.34572 0.33596 0.78979 0.00000 0.51101 0.36787 0.42193 0.78865 0.59894 0.77034 0.51921 0.72596 0.21231 0.61257 0.45478 0.05472 0.17124 0.33912 0.09830 0.61680 0.46789 0.51310 0.19933 0.28814 0.92780 0.63895 0.56628 0.39028 0.22023 0.73843 0.76174 0.68957 0.33725 0.73806 0.60541 0.72703 0.41079 0.72682 0.29195 0.68596 0.61740 0.21746 0.15682 0.30100 0.76043 0.37824 0.49010
0.38453 0.76579 0.33084 0.27806 0.68610 0.87158 0.51101 0.00000 0.14439 0.15708 0.74734 0.37228 0.88507 0.24521 1.12283 0.72296 0.52039 0.92090 0.48672 0.66858 0.35148 0.41559 0.45795 0.46736 0.33247 0.44250 0.23555 0.83798 0.69305 0.55030 0.79348 0.45146 0.81503 1.09125 0.57845 0.83704 0.58932 0.83553 0.64353 0.10043 0.66466 0.67416 0.76860 0.72459 0.40499 0.39026 0.73450 0.75802 0.48190 0.93259
0.40864 0.67686 0.18863 0.20590 0.57284 0.83315 0.36787 0.14439 0.00000 0.13786 0.73965 0.39980 0.83799 0.27237 1.01007 0.57933 0.51348 0.78990 0.34682 0.52420 0.27593 0.27412 0.46865 0.42272 0.33329 0.30661 0.09438 0.84914 0.65367 0.52089 0.67354 0.33762 0.77570 0.99438 0.58302 0.69269 0.60755 0.75623 0.64341 0.04443 0.65898 0.55415 0.72536 0.67208 0.28998 0.25839 0.60716 0.73902 0.40696 0.80695
0.27100 0.61003 0.29134 0.12463 0.54094 0.72162 0.42193 0.15708 0.13786 0.00000 0.61181 0.26197 0.73233 0.13516 0.97458 0.63109 0.38387 0.79093 0.38508 0.59111 0.19620 0.32387 0.33333 0.31324 0.19867 0.41731 0.21264 0.71555 0.54206 0.40221 0.65232 0.31192 0.66456 0.93654 0.45010 0.75891 0.47157 0.67855 0.51231 0.12237 0.52995 0.53452 0.61666 0.56998 0.26875 0.27659 0.60177 0.61617 0.32517 0.79579
0.36990 0.44029 0.81139 0.54498 0.57408 0.20357 0.78865 0.74734 0.73965 0.61181 0.00000 0.38373 0.25201 0.50267 0.79671 0.90691 0.22814 0.82894 0.73418 0.92686 0.49471 0.73478 0.29207 0.33592 0.41606 0.91813 0.77963 0.14417 0.17247 0.23009 0.65960 0.56928 0.17853 0.66078 0.17300 1.04745 0.18881 0.40484 0.10692 0.73365 0.08269 0.61769 0.18649 0.23328 0.58382 0.66195 0.69643 0.05891 0.41119 0.78212
0.01426 0.55268 0.53015 0.25979 0.56757 0.53810 0.59894 0.37228 0.39980 0.26197 0.38373 0.00000 0.56449 0.13059 0.95238 0.78359 0.17027 0.84975 0.54886 0.76744 0.26283 0.51209 0.09280 0.21598 0.08588 0.65426 0.46680 0.46575 0.37424 0.23466 0.68370 0.40724 0.48601 0.87013 0.21101 0.92422 0.21704 0.58734 0.27722 0.38073 0.30199 0.58497 0.44945 0.42754 0.38805 0.44278 0.66773 0.40469 0.30425 0.83224
0.55037 0.29542 0.85506 0.63211 0.47422 0.05446 0.77034 0.88507 0.83799 0.73233 0.25201 0.56449 0.00000 0.65627 0.57116 0.83081 0.39471 0.67118 0.72066 0.87264 0.56365 0.74633 0.47493 0.41921 0.56284 0.93854 0.85117 0.34710 0.19367 0.33880 0.52149 0.57381 0.08111 0.42058 0.38093 0.95946 0.42009 0.21604 0.32901 0.84492 0.29789 0.52525 0.11714 0.16675 0.60612 0.68300 0.58633 0.19648 0.43963 0.61185
0.14150 0.58843 0.41858 0.17522 0.56118 0.63725 0.51921 0.24521 0.27237 0.13516 0.50267 0.13059 0.65627 0.00000 0.97667 0.71879 0.27711 0.83264 0.47445 0.69043 0.21343 0.42502 0.21278 0.25459 0.09342 0.54461 0.34617 0.59410 0.46259 0.31748 0.67769 0.35981 0.58204 0.91545 0.33324 0.85422 0.34627 0.64106 0.39838 0.25075 0.41998 0.56715 0.53915 0.50396 0.32776 0.36367 0.64416 0.51591 0.30843 0.82606
0.94167 0.40103 0.91311 0.85006 0.43767 0.62520 0.72596 1.12283 1.01007 0.97458 0.79671 0.95238 0.57116 0.97667 0.00000 0.62642 0.82249 0.31134 0.70791 0.70732 0.78148 0.77561 0.89183 0.73780 0.90119 0.92355 0.96696 0.91460 0.64950 0.73813 0.34148 0.67358 0.62390 0.17083 0.85583 0.68498 0.91150 0.39571 0.83267 1.04028 0.80681 0.45809 0.61075 0.57909 0.72108 0.75834 0.42525 0.73804 0.66825 0.24936
0.78171 0.53916 0.40685 0.54357 0.35663 0.86219 0.21231 0.72296 0.57933 0.63109 0.90691 0.78359 0.83081 0.71879 0.62642 0.00000 0.76568 0.31926 0.24645 0.08535 0.52106 0.30985 0.78584 0.61951 0.69930 0.35128 0.49608 1.05070 0.74123 0.70411 0.34249 0.37824 0.81872 0.70725 0.83883 0.14347 0.89267 0.63232 0.86458 0.62262 0.85793 0.30558 0.77040 0.70175 0.39624 0.35705 0.25448 0.86822 0.51888 0.37709
0.15605 0.42298 0.60063 0.32575 0.48501 0.36789 0.61257 0.52039 0.51348 0.38387 0.22814 0.17027 0.39471 0.27711 0.82249 0.76568 0.00000 0.76670 0.55825 0.76829 0.28722 0.54319 0.08067 0.14664 0.18823 0.71505 0.55934 0.33883 0.20709 0.08473 0.59384 0.39543 0.31581 0.72325 0.07773 0.90915 0.12708 0.43917 0.13039 0.50592 0.14608 0.51530 0.28075 0.26642 0.39629 0.46907 0.60012 0.23894 0.24702 0.73692
0.84268 0.39106 0.65721 0.67403 0.28381 0.71647 0.45478 0.92090 0.78990 0.79093 0.82894 0.84975 0.67118 0.83264 0.31134 0.31926 0.76670 0.00000 0.45233 0.40281 0.61977 0.52603 0.81632 0.64121 0.77869 0.64219 0.72784 0.96831 0.65768 0.68617 0.17356 0.48019 0.68989 0.42004 0.82369 0.37564 0.88235 0.45521 0.82484 0.82713 0.80738 0.26632 0.65437 0.59650 0.52218 0.53200 0.18963 0.77689 0.54564 0.07126
0.54867 0.46571 0.20691 0.29959 0.30014 0.73867 0.05472 0.48672 0.34682 0.38508 0.73418 0.54886 0.72066 0.47445 0.70791 0.24645 0.55825 0.45233 0.00000 0.21862 0.28745 0.07421 0.56389 0.41332 0.46321 0.23147 0.27644 0.87314 0.58559 0.51156 0.36772 0.16551 0.68668 0.73238 0.63513 0.37979 0.68395 0.56186 0.67232 0.38784 0.67210 0.26048 0.63400 0.56574 0.16417 0.11101 0.28388 0.70646 0.32359 0.48026
0.76710 0.58751 0.34303 0.51663 0.40314 0.90003 0.17124 0.66858 0.52420 0.59111 0.92686 0.76744 0.87264 0.69043 0.70732 0.08535 0.76829 0.40281 0.21862 0.00000 0.50555 0.26767 0.77974 0.62179 0.68182 0.27278 0.43608 1.06924 0.76671 0.71384 0.40870 0.37321 0.85335 0.78038 0.84381 0.16895 0.89510 0.68321 0.87549 0.56835 0.87183 0.35184 0.80309 0.73383 0.38105 0.32742 0.31643 0.89240 0.52515 0.45815
0.26177 0.41431 0.31682 0.07403 0.35350 0.56201 0.33912 0.35148 0.27593 0.19620 0.49471 0.26283 0.56365 0.21343 0.78148 0.52106 0.28722 0.61977 0.28745 0.50555 0.00000 0.25948 0.27912 0.15970 0.17824 0.42805 0.29131 0.62165 0.38444 0.26521 0.46855 0.14852 0.50472 0.74037 0.36475 0.66140 0.40718 0.48609 0.41303 0.28884 0.42052 0.35520 0.45313 0.39716 0.12523 0.18631 0.43092 0.48288 0.13258 0.61577
0.51364 0.50923 0.13767 0.25429 0.35631 0.75937 0.09830 0.41559 0.27412 0.32387 0.73478 0.51209 0.74633 0.42502 0.77561 0.30985 0.54319 0.52603 0.07421 0.26767 0.25948 0.00000 0.53838 0.40343 0.42635 0.19222 0.20225 0.86958 0.59694 0.50675 0.43427 0.17322 0.70522 0.79152 0.62090 0.43505 0.66580 0.60314 0.66405 0.31596 0.66728 0.32187 0.65199 0.58563 0.15096 0.07414 0.35406 0.71254 0.32557 0.55216
0.07864 0.49088 0.57767 0.29969 0.53257 0.44666 0.61680 0.45795 0.46865 0.33333 0.29207 0.09280 0.47493 0.21278 0.89183 0.78584 0.08067 0.81632 0.56389 0.77974 0.27912 0.53838 0.00000 0.17626 0.13538 0.69769 0.52531 0.38281 0.28769 0.15675 0.64556 0.40838 0.39557 0.79872 0.12062 0.92873 0.13917 0.51451 0.18632 0.45531 0.20986 0.55728 0.36138 0.34568 0.39972 0.46543 0.64191 0.31188 0.27729 0.79175
0.20648 0.34043 0.47567 0.21821 0.35744 0.41085 0.46789 0.46736 0.42272 0.31324 0.33592 0.21598 0.41921 0.25459 0.73780 0.61951 0.14664 0.64121 0.41332 0.62179 0.15970 0.40343 0.17626 0.00000 0.16747 0.58292 0.44939 0.46668 0.23111 0.10587 0.47182 0.24933 0.35346 0.66411 0.22225 0.76297 0.27369 0.38680 0.26071 0.42655 0.26441 0.38103 0.30417 0.25724 0.25375 0.32957 0.46565 0.32330 0.10244 0.61934
0.08764 0.50684 0.44933 0.17517 0.49966 0.54415 0.51310 0.33247 0.33329 0.19867 0.41606 0.08588 0.56284 0.09342 0.90119 0.69930 0.18823 0.77869 0.46321 0.68182 0.17824 0.42635 0.13538 0.16747 0.00000 0.57216 0.39170 0.51689 0.36917 0.22406 0.61659 0.32469 0.48876 0.83155 0.25153 0.83938 0.27443 0.55370 0.31447 0.32098 0.33358 0.51255 0.44573 0.41136 0.30324 0.35689 0.59364 0.42561 0.23786 0.76560
0.65888 0.69573 0.12620 0.39848 0.53118 0.95121 0.19933 0.44250 0.30661 0.41731 0.91813 0.65426 0.93854 0.54461 0.92355 0.35128 0.71505 0.64219 0.23147 0.27278 0.42805 0.19222 0.69769 0.58292 0.57216 0.00000 0.21268 1.04893 0.78666 0.68830 0.58954 0.36515 0.89673 0.96061 0.79234 0.42589 0.83209 0.79111 0.84084 0.34935 0.84703 0.48954 0.84347 0.77751 0.33829 0.25916 0.49954 0.89939 0.51372 0.68370
0.47382 0.66028 0.09530 0.23469 0.53487 0.85232 0.28814 0.23555 0.09438 0.21264 0.77963 0.46680 0.85117 0.34617 0.96696 0.49608 0.55934 0.72784 0.27644 0.43608 0.29131 0.20225 0.52531 0.44939 0.39170 0.21268 0.00000 0.89812 0.67561 0.55319 0.62625 0.30852 0.79521 0.96642 0.63311 0.60355 0.66412 0.74634 0.68954 0.13811 0.70165 0.50894 0.74312 0.68447 0.26331 0.20922 0.55188 0.77225 0.41186 0.75145
0.45347 0.57776 0.93773 0.66449 0.71768 0.29274 0.92780 0.83798 0.84914 0.71555 0.14417 0.46575 0.34710 0.59410 0.91460 1.05070 0.33883 0.96831 0.87314 1.06924 0.62165 0.86958 0.38281 0.46668 0.51689 1.04893 0.89812 0.00000 0.31544 0.36294 0.80068 0.70771 0.29182 0.76765 0.26616 1.19147 0.24886 0.53213 0.20915 0.83779 0.20233 0.76170 0.31624 0.37194 0.71902 0.79598 0.83999 0.19151 0.54955 0.91900
0.36032 0.27222 0.69099 0.44845 0.40232 0.17983 0.63895 0.69305 0.65367 0.54206 0.17247 0.37424 0.19367 0.46259 0.64950 0.74123 0.20709 0.65768 0.58559 0.76671 0.38444 0.59694 0.28769 0.23111 0.36917 0.78666 0.67561 0.31544 0.00000 0.14514 0.48747 0.42509 0.12256 0.53142 0.21323 0.88013 0.26493 0.25414 0.18316 0.65740 0.15816 0.44699 0.07657 0.07041 0.44840 0.52750 0.52458 0.12717 0.27334 0.61291
0.22132 0.33830 0.58152 0.31975 0.40664 0.32144 0.56628 0.55030 0.52089 0.40221 0.23009 0.23466 0.33880 0.31748 0.73813 0.70411 0.08473 0.68617 0.51156 0.71384 0.26521 0.50675 0.15675 0.10587 0.22406 0.68830 0.55319 0.36294 0.14514 0.00000 0.51283 0.34609 0.26532 0.64198 0.13938 0.84718 0.19736 0.35777 0.16167 0.52055 0.16086 0.44007 0.22171 0.19298 0.35608 0.43333 0.52439 0.21922 0.18904 0.65434
0.67585 0.22914 0.57187 0.53018 0.11698 0.56223 0.39028 0.79348 0.67354 0.65232 0.65960 0.68370 0.52149 0.67769 0.34148 0.34249 0.59384 0.17356 0.36772 0.40870 0.46855 0.43427 0.64556 0.47182 0.61659 0.58954 0.62625 0.80068 0.48747 0.51283 0.00000 0.34220 0.52981 0.37604 0.65015 0.45106 0.70882 0.30841 0.65178 0.70615 0.63490 0.11957 0.49030 0.42905 0.38849 0.41848 0.09377 0.60924 0.37992 0.14901
0.40454 0.35295 0.28705 0.19403 0.23592 0.58616 0.22023 0.45146 0.33762 0.31192 0.56928 0.40724 0.57381 0.35981 0.67358 0.37824 0.39543 0.48019 0.16551 0.37321 0.14852 0.17322 0.40838 0.24933 0.32469 0.36515 0.30852 0.70771 0.42509 0.34609 0.34220 0.00000 0.53203 0.65949 0.47157 0.52062 0.52203 0.44213 0.50706 0.36670 0.50659 0.22329 0.47882 0.41242 0.04765 0.11082 0.29061 0.54330 0.15823 0.48399
0.47182 0.30087 0.80621 0.57017 0.46577 0.05744 0.73843 0.81503 0.77570 0.66456 0.17853 0.48601 0.08111 0.58204 0.62390 0.81872 0.31581 0.68989 0.68668 0.85335 0.50472 0.70522 0.39557 0.35346 0.48876 0.89673 0.79521 0.29182 0.12256 0.26532 0.52981 0.53203 0.00000 0.48306 0.29983 0.95259 0.33946 0.24205 0.24849 0.77990 0.21747 0.51505 0.05327 0.12105 0.55991 0.63838 0.58409 0.12044 0.38756 0.63571
0.85802 0.32810 0.92762 0.81325 0.43537 0.47501 0.76174 1.09125 0.99438 0.93654 0.66078 0.87013 0.42058 0.91545 0.17083 0.70725 0.72325 0.42004 0.73238 0.78038 0.74037 0.79152 0.79872 0.66411 0.83155 0.96061 0.96642 0.76765 0.53142 0.64198 0.37604 0.65949 0.48306 0.00000 0.74412 0.79116 0.79625 0.28423 0.71140 1.01874 0.68313 0.47191 0.47989 0.46263 0.70647 0.75882 0.46970 0.60198 0.61417 0.34913
0.19733 0.46277 0.67707 0.40087 0.54563 0.34509 0.68957 0.57845 0.58302 0.45010 0.17300 0.21101 0.38093 0.33324 0.85583 0.83883 0.07773 0.82369 0.63513 0.84381 0.36475 0.62090 0.12062 0.22225 0.25153 0.79234 0.63311 0.26616 0.21323 0.13938 0.65015 0.47157 0.29983 0.74412 0.00000 0.98222 0.05870 0.46365 0.06623 0.57246 0.09276 0.57944 0.27644 0.28152 0.47369 0.54678 0.66375 0.20027 0.32012 0.78941
0.92280 0.66474 0.50951 0.67936 0.48709 0.99372 0.33725 0.83704 0.69269 0.75891 1.04745 0.92422 0.95946 0.85422 0.68498 0.14347 0.90915 0.37564 0.37979 0.16895 0.66140 0.43505 0.92873 0.76297 0.83938 0.42589 0.60355 1.19147 0.88013 0.84718 0.45106 0.52062 0.95259 0.79116 0.98222 0.00000 1.03614 0.75418 1.00735 0.73692 1.00016 0.43756 0.90565 0.83767 0.53620 0.49060 0.37381 1.00729 0.66234 0.44415
0.20503 0.52036 0.71399 0.43603 0.60394 0.37959 0.73806 0.58932 0.60755 0.47157 0.18881 0.21704 0.42009 0.34627 0.91150 0.89267 0.12708 0.88235 0.68395 0.89510 0.40718 0.66580 0.13917 0.27369 0.27443 0.83209 0.66412 0.24886 0.26493 0.19736 0.70882 0.52203 0.33946 0.79625 0.05870 1.03614 0.00000 0.51786 0.09111 0.59306 0.12229 0.63717 0.32245 0.33457 0.52104 0.59189 0.72163 0.22928 0.37386 0.84807
0.57495 0.09718 0.72839 0.56009 0.28031 0.26196 0.60541 0.83553 0.75623 0.67855 0.40484 0.58734 0.21604 0.64106 0.39571 0.63232 0.43917 0.45521 0.56186 0.68321 0.48609 0.60314 0.51451 0.38680 0.55370 0.79111 0.74634 0.53213 0.25414 0.35777 0.30841 0.44213 0.24205 0.28423 0.46365 0.75418 0.51786 0.00000 0.43719 0.77391 0.41111 0.33142 0.21852 0.18377 0.48418 0.55189 0.38075 0.34710 0.35396 0.39695
0.26352 0.44984 0.72870 0.45554 0.55369 0.28874 0.72703 0.64353 0.64341 0.51231 0.10692 0.27722 0.32901 0.39838 0.83267 0.86458 0.13039 0.82484 0.67232 0.87549 0.41303 0.66405 0.18632 0.26071 0.31447 0.84084 0.68954 0.20915 0.18316 0.16167 0.65178 0.50706 0.24849 0.71140 0.06623 1.00735 0.09111 0.43719 0.00000 0.63463 0.03119 0.59175 0.23388 0.25357 0.51440 0.59008 0.67457 0.13937 0.35065 0.78554
0.39067 0.69775 0.23284 0.21568 0.60261 0.83723 0.41079 0.10043 0.04443 0.12237 0.73365 0.38073 0.84492 0.25075 1.04028 0.62262 0.50592 0.82713 0.38784 0.56835 0.28884 0.31596 0.45531 0.42655 0.32098 0.34935 0.13811 0.83779 0.65740 0.52055 0.70615 0.36670 0.77990 1.01874 0.57246 0.73692 0.59306 0.77391 0.63463 0.00000 0.65199 0.58658 0.73066 0.68025 0.31922 0.29515 0.64270 0.73655 0.42136 0.84199
0.28805 0.42819 0.73720 0.46704 0.53984 0.25761 0.72682 0.66466 0.65898 0.52995 0.08269 0.30199 0.29789 0.41998 0.80681 0.85793 0.14608 0.80738 0.67210 0.87183 0.42052 0.66728 0.20986 0.26441 0.33358 0.84703 0.70165 0.20233 0.15816 0.16086 0.63490 0.50659 0.21747 0.68313 0.09276 1.00016 0.12229 0.41111 0.03119 0.65199 0.00000 0.57958 0.20440 0.22819 0.51679 0.59365 0.66147 0.10882 0.34884 0.76622
0.57845 0.23578 0.45929 0.41361 0.05146 0.55707 0.29195 0.67416 0.55415 0.53452 0.61769 0.58497 0.52525 0.56715 0.45809 0.30558 0.51530 0.26632 0.26048 0.35184 0.35520 0.32187 0.55728 0.38103 0.51255 0.48954 0.50894 0.76170 0.44699 0.44007 0.11957 0.22329 0.51505 0.47191 0.57944 0.43756 0.63717 0.33142 0.59175 0.58658 0.57958 0.00000 0.46827 0.40069 0.26918 0.30026 0.08489 0.57379 0.28205 0.26163
0.43543 0.26334 0.75315 0.51957 0.41990 0.10935 0.68596 0.76860 0.72536 0.61666 0.18649 0.44945 0.11714 0.53915 0.61075 0.77040 0.28075 0.65437 0.63400 0.80309 0.45313 0.65199 0.36138 0.30417 0.44573 0.84347 0.74312 0.31624 0.07657 0.22171 0.49030 0.47882 0.05327 0.47989 0.27644 0.90565 0.32245 0.21852 0.23388 0.73066 0.20440 0.46827 0.00000 0.06930 0.50666 0.58511 0.53980 0.12858 0.33459 0.60324
0.41408 0.20701 0.69013 0.46635 0.35310 0.17376 0.61740 0.72459 0.67208 0.56998 0.23328 0.42754 0.16675 0.50396 0.57909 0.70175 0.26642 0.59650 0.56574 0.73383 0.39716 0.58563 0.34568 0.25724 0.41136 0.77751 0.68447 0.37194 0.07041 0.19298 0.42905 0.41242 0.12105 0.46263 0.28152 0.83767 0.33457 0.18377 0.25357 0.68025 0.22819 0.40069 0.06930 0.00000 0.44213 0.51999 0.47398 0.18044 0.27318 0.54884
0.38692 0.39700 0.24948 0.15598 0.28343 0.61520 0.21746 0.40499 0.28998 0.26875 0.58382 0.38805 0.60612 0.32776 0.72108 0.39624 0.39629 0.52218 0.16417 0.38105 0.12523 0.15096 0.39972 0.25375 0.30324 0.33829 0.26331 0.71902 0.44840 0.35608 0.38849 0.04765 0.55991 0.70647 0.47369 0.53620 0.52104 0.48418 0.51440 0.31922 0.51679 0.26918 0.50666 0.44213 0.00000 0.07915 0.33313 0.56210 0.17553 0.52873
0.44358 0.46109 0.17654 0.18925 0.32581 0.69338 0.15682 0.39026 0.25839 0.27659 0.66195 0.44278 0.68300 0.36367 0.75834 0.35705 0.46907 0.53200 0.11101 0.32742 0.18631 0.07414 0.46543 0.32957 0.35689 0.25916 0.20922 0.79598 0.52750 0.43333 0.41848 0.11082 0.63838 0.75882 0.54678 0.49060 0.59189 0.55189 0.59008 0.29515 0.59365 0.30026 0.58511 0.51999 0.07915 0.00000 0.34889 0.64106 0.25467 0.54881
0.66158 0.29113 0.49046 0.48440 0.12236 0.62237 0.30100 0.73450 0.60716 0.60177 0.69643 0.66773 0.58633 0.64416 0.42525 0.25448 0.60012 0.18963 0.28388 0.31643 0.43092 0.35406 0.64191 0.46565 0.59364 0.49954 0.55188 0.83999 0.52458 0.52439 0.09377 0.29061 0.58409 0.46970 0.66375 0.37381 0.72163 0.38075 0.67457 0.64270 0.66147 0.08489 0.53980 0.47398 0.33313 0.34889 0.00000 0.65048 0.36600 0.20001
0.39050 0.38668 0.79734 0.53896 0.52845 0.15135 0.76043 0.75802 0.73902 0.61617 0.05891 0.40469 0.19648 0.51591 0.73804 0.86822 0.23894 0.77689 0.70646 0.89240 0.48288 0.71254 0.31188 0.32330 0.42561 0.89939 0.77225 0.19151 0.12717 0.21922 0.60924 0.54330 0.12044 0.60198 0.20027 1.00729 0.22928 0.34710 0.13937 0.73655 0.10882 0.57379 0.12858 0.18044 0.56210 0.64106 0.65048 0.00000 0.38699 0.72831
0.29704 0.28626 0.41871 0.20638 0.26344 0.44383 0.37824 0.48190 0.40696 0.32517 0.41119 0.30425 0.43963 0.30843 0.66825 0.51888 0.24702 0.54564 0.32359 0.52515 0.13258 0.32557 0.27729 0.10244 0.23786 0.51372 0.41186 0.54955 0.27334 0.18904 0.37992 0.15823 0.38756 0.61417 0.32012 0.66234 0.37386 0.35396 0.35065 0.42136 0.34884 0.28205 0.33459 0.27318 0.17553 0.25467 0.36600 0.38699 0.00000 0.52877
0.82417 0.34184 0.68711 0.67524 0.26598 0.65891 0.49010 0.93259 0.80695 0.79579 0.78212 0.83224 0.61185 0.82606 0.24936 0.37709 0.73692 0.07126 0.48026 0.45815 0.61577 0.55216 0.79175 0.61934 0.76560 0.68370 0.75145 0.91900 0.61291 0.65434 0.14901 0.48399 0.63571 0.34913 0.78941 0.44415 0.84807 0.39695 0.78554 0.84199 0.76622 0.26163 0.60324 0.54884 0.52873 0.54881 0.20001 0.72831 0.52877 0.00000
