50 0
0.00000 0.49561 0.66919 0.77103 0.84431 0.66584 0.03988 0.26061 0.58114 0.68578 0.86863 0.80589 0.50106 0.70337 0.19537 0.20173 0.32993 0.39327 0.78253 0.37437 0.32736 0.62199 0.37456 0.51815 0.47109 0.08207 0.53282 0.40643 0.29608 0.24042 0.21553 0.34476 0.90487 0.47342 0.45892 0.25496 0.34301 0.10859 0.46098 0.78316 0.44276 0.21951 0.38645 0.31939 0.53937 0.18324 0.56008 0.25570 0.67317 0.33425
0.49561 0.00000 0.51880 0.60169 0.86924 0.40023 0.45595 0.75622 0.14356 0.20853 0.41694 0.38137 0.13494 0.49705 0.66633 0.29403 0.28044 0.16018 0.73115 0.52644 0.28794 0.73309 0.55441 0.84382 0.55594 0.46058 0.14738 0.78804 0.49387 0.55575 0.52349 0.51010 0.95813 0.10705 0.94259 0.55225 0.54946 0.60252 0.63302 0.37019 0.39973 0.67142 0.34690 0.78440 0.77764 0.60896 0.30547 0.58148 0.38940 0.16492
0.66919 0.51880 0.00000 0.10268 0.37782 0.15671 0.64130 0.85908 0.41450 0.48383 0.48742 0.40428 0.65101 0.07175 0.85865 0.55659 0.36891 0.62509 0.22164 0.92865 0.36730 0.34690 0.37902 0.62877 0.99435 0.58857 0.37747 0.66170 0.86511 0.87039 0.50770 0.90242 0.47090 0.41406 0.94054 0.49569 0.92711 0.72752 0.37449 0.37611 0.86575 0.88766 0.79820 0.77812 0.49726 0.85047 0.21415 0.52446 0.17896 0.49558
0.77103 0.60169 0.10268 0.00000 0.35272 0.20945 0.74359 0.95543 0.48500 0.53818 0.50122 0.42368 0.73587 0.10563 0.95949 0.65844 0.47081 0.71787 0.19077 1.02936 0.46941 0.38662 0.46681 0.69308 1.09330 0.69011 0.45610 0.73966 0.96668 0.97302 0.60417 1.00342 0.44359 0.50020 1.02650 0.58935 1.02874 0.82698 0.44823 0.39861 0.96151 0.98910 0.89481 0.86702 0.55511 0.95267 0.29739 0.61675 0.22720 0.59266
0.84431 0.86924 0.37782 0.35272 0.00000 0.53391 0.83160 0.94136 0.78409 0.86082 0.85221 0.77244 0.99315 0.43539 0.99850 0.81320 0.64607 0.94385 0.16251 1.18091 0.64094 0.23169 0.47008 0.52895 1.26304 0.76557 0.73967 0.62995 1.10707 1.08012 0.63248 1.15174 0.09311 0.76223 0.93151 0.59828 1.16527 0.85672 0.39043 0.74590 1.16122 1.03675 1.09092 0.80369 0.39438 1.02150 0.57912 0.61068 0.55571 0.80148
0.66584 0.40023 0.15671 0.20945 0.53391 0.00000 0.63196 0.88808 0.27644 0.33144 0.33754 0.25310 0.53517 0.10490 0.86106 0.51398 0.33771 0.53044 0.37524 0.86707 0.33938 0.48801 0.45538 0.73747 0.92076 0.59155 0.25289 0.74732 0.81211 0.83578 0.54704 0.84355 0.62703 0.30509 1.00263 0.54694 0.87394 0.74306 0.47918 0.22402 0.77872 0.88410 0.71537 0.83516 0.61754 0.83763 0.11337 0.57906 0.02271 0.42118
0.03988 0.45595 0.64130 0.74359 0.83160 0.63196 0.00000 0.30030 0.54154 0.64594 0.82945 0.76732 0.46416 0.67290 0.23125 0.16197 0.29483 0.35658 0.76308 0.36871 0.29271 0.61308 0.36418 0.53107 0.46306 0.06729 0.49360 0.42520 0.29050 0.24856 0.21180 0.33877 0.89521 0.43382 0.49562 0.25313 0.34215 0.14720 0.45364 0.74485 0.42168 0.25214 0.36212 0.35163 0.54187 0.20925 0.52489 0.25900 0.63861 0.29438
0.26061 0.75622 0.85908 0.95543 0.94136 0.88808 0.30030 0.00000 0.83748 0.94427 1.12097 1.05410 0.75552 0.90623 0.14840 0.46228 0.56705 0.64789 0.92152 0.51553 0.56277 0.70980 0.49894 0.48121 0.61146 0.30935 0.78651 0.34932 0.45059 0.35107 0.35144 0.49208 0.98095 0.72998 0.22585 0.36809 0.46731 0.15537 0.55668 1.02977 0.64243 0.18382 0.60175 0.17007 0.56757 0.23145 0.79131 0.34445 0.89899 0.59431
0.58114 0.14356 0.41450 0.48500 0.78409 0.27644 0.54154 0.83748 0.00000 0.11319 0.29170 0.24360 0.27208 0.37944 0.76594 0.38470 0.29429 0.30037 0.63486 0.66505 0.30103 0.68053 0.54512 0.84513 0.69865 0.52979 0.05976 0.81094 0.62691 0.67928 0.55696 0.64702 0.87590 0.10773 1.00398 0.57705 0.68471 0.68214 0.60903 0.22937 0.54325 0.77684 0.48924 0.83903 0.75759 0.71801 0.20500 0.60914 0.26164 0.25358
0.68578 0.20853 0.48383 0.53818 0.86082 0.33144 0.64594 0.94427 0.11319 0.00000 0.21155 0.19430 0.30556 0.43592 0.86590 0.48602 0.40744 0.36602 0.70513 0.73047 0.41420 0.77697 0.65543 0.95589 0.75115 0.63847 0.17237 0.92391 0.70158 0.76406 0.67005 0.71576 0.95369 0.21605 1.11528 0.69022 0.75608 0.78896 0.71583 0.19407 0.59043 0.87401 0.54570 0.95101 0.86439 0.81305 0.29157 0.72232 0.31172 0.35282
0.86863 0.41694 0.48742 0.50122 0.85221 0.33754 0.82945 1.12097 0.29170 0.21155 0.00000 0.08462 0.51606 0.42057 1.05629 0.67538 0.55937 0.57627 0.68972 0.94163 0.56482 0.82552 0.76420 1.05950 0.96238 0.81165 0.33585 1.05073 0.91077 0.96891 0.81598 0.92641 0.94409 0.39762 1.27373 0.82801 0.96624 0.96631 0.80449 0.11408 0.80130 1.06816 0.75725 1.10609 0.94815 1.00968 0.36848 0.86105 0.31507 0.54521
0.80589 0.38137 0.40428 0.42368 0.77244 0.25310 0.76732 1.05410 0.24360 0.19430 0.08462 0.00000 0.49512 0.33868 0.99659 0.61794 0.48858 0.54125 0.61018 0.90725 0.49356 0.74101 0.68269 0.97661 0.93607 0.74504 0.27737 0.97075 0.87048 0.92161 0.74083 0.88992 0.86478 0.34291 1.20001 0.75095 0.92805 0.90042 0.72092 0.02954 0.77736 1.01085 0.72781 1.03194 0.86405 0.95443 0.28733 0.78400 0.23058 0.49172
0.50106 0.13494 0.65101 0.73587 0.99315 0.53517 0.46416 0.75552 0.27208 0.30556 0.51606 0.49512 0.00000 0.63154 0.64482 0.31413 0.37266 0.10786 0.85995 0.43501 0.37973 0.84287 0.64281 0.91694 0.44674 0.48763 0.28231 0.84507 0.41941 0.49959 0.58108 0.42444 1.08032 0.23695 0.95974 0.61567 0.46723 0.60939 0.72836 0.48846 0.28528 0.64135 0.24605 0.81215 0.86724 0.57566 0.43892 0.64121 0.52422 0.22077
0.70337 0.49705 0.07175 0.10563 0.43539 0.10490 0.67290 0.90623 0.37944 0.43592 0.42057 0.33868 0.63154 0.00000 0.89603 0.57343 0.38781 0.61745 0.27436 0.93895 0.38757 0.41858 0.43843 0.69760 0.99900 0.62462 0.35091 0.72547 0.87919 0.89270 0.55640 0.91391 0.52826 0.39686 0.99860 0.54833 0.94134 0.76926 0.44153 0.31136 0.86317 0.92284 0.79756 0.83420 0.56772 0.88181 0.19459 0.57844 0.12425 0.49709
0.19537 0.66633 0.85865 0.95949 0.99850 0.86106 0.23125 0.14840 0.76594 0.86590 1.05629 0.99659 0.64482 0.89603 0.00000 0.38124 0.52525 0.53958 0.95506 0.36765 0.52273 0.76874 0.53334 0.58913 0.46314 0.27145 0.72098 0.45927 0.30508 0.20356 0.37101 0.34491 1.04913 0.65885 0.37311 0.40122 0.31902 0.14182 0.60811 0.97475 0.50163 0.04234 0.46683 0.30059 0.65138 0.08447 0.75542 0.38798 0.86853 0.51352
0.20173 0.29403 0.55659 0.65844 0.81320 0.51398 0.16197 0.46228 0.38470 0.48602 0.67538 0.61794 0.31413 0.57343 0.38124 0.00000 0.18768 0.21030 0.71627 0.37535 0.18948 0.61774 0.38038 0.61970 0.45099 0.17383 0.34096 0.53600 0.30876 0.32180 0.27797 0.34787 0.88845 0.27777 0.65228 0.31683 0.37064 0.30855 0.47373 0.59742 0.35506 0.39313 0.28547 0.49957 0.59415 0.33678 0.40148 0.33777 0.51641 0.13328
0.32993 0.28044 0.36891 0.47081 0.64607 0.33771 0.29483 0.56705 0.29429 0.40744 0.55937 0.48858 0.37266 0.38781 0.52525 0.18768 0.00000 0.30282 0.53618 0.56116 0.00751 0.47380 0.27436 0.56478 0.63157 0.26022 0.23604 0.51880 0.49629 0.50489 0.26278 0.53437 0.72731 0.19896 0.71517 0.28343 0.55825 0.41537 0.35637 0.46345 0.51665 0.54687 0.44665 0.54833 0.49841 0.49997 0.23017 0.31517 0.34381 0.15900
0.39327 0.16018 0.62509 0.71787 0.94385 0.53044 0.35658 0.64789 0.30037 0.36602 0.57627 0.54125 0.10786 0.61745 0.53958 0.21030 0.30282 0.00000 0.82160 0.36626 0.30908 0.77629 0.56093 0.82342 0.39925 0.38240 0.28834 0.74534 0.33594 0.40541 0.48379 0.35018 1.02756 0.22674 0.85205 0.52036 0.39009 0.50155 0.65023 0.52919 0.24893 0.53809 0.18975 0.70560 0.78350 0.47299 0.42326 0.54405 0.52376 0.14386
0.78253 0.73115 0.22164 0.19077 0.16251 0.37524 0.76308 0.92152 0.63486 0.70513 0.68972 0.61018 0.85995 0.27436 0.95506 0.71627 0.53618 0.82160 0.00000 1.09097 0.53227 0.24983 0.42447 0.57530 1.16633 0.70081 0.59468 0.65015 1.02096 1.00780 0.58432 1.06283 0.25460 0.62453 0.95083 0.55771 1.08145 0.81480 0.36945 0.58386 1.05147 0.99000 0.98191 0.80490 0.43261 0.96505 0.43155 0.57786 0.39650 0.68332
0.37437 0.52644 0.92865 1.02936 1.18091 0.86707 0.36871 0.51553 0.66505 0.73047 0.94163 0.90725 0.43501 0.93895 0.36765 0.37535 0.56116 0.36626 1.09097 0.00000 0.56370 0.97261 0.72468 0.89147 0.09890 0.43482 0.64543 0.77463 0.07840 0.16455 0.57997 0.02997 1.25128 0.57946 0.74076 0.62161 0.05195 0.43622 0.81693 0.89440 0.17575 0.33801 0.18943 0.65076 0.91058 0.28411 0.75414 0.62733 0.86496 0.44598
0.32736 0.28794 0.36730 0.46941 0.64094 0.33938 0.29271 0.56277 0.30103 0.41420 0.56482 0.49356 0.37973 0.38757 0.52273 0.18948 0.00751 0.30908 0.53227 0.56370 0.00000 0.46735 0.26690 0.55730 0.63490 0.25665 0.24261 0.51166 0.49824 0.50530 0.25622 0.53673 0.72182 0.20623 0.70940 0.27643 0.56012 0.41155 0.34912 0.46824 0.52126 0.54484 0.45118 0.54240 0.49100 0.49859 0.23280 0.30826 0.34595 0.16535
0.62199 0.73309 0.34690 0.38662 0.23169 0.48801 0.61308 0.70980 0.68053 0.77697 0.82552 0.74101 0.84287 0.41858 0.76874 0.61774 0.47380 0.77629 0.24983 0.97261 0.46735 0.00000 0.24903 0.32556 1.05961 0.54602 0.62650 0.40815 0.89658 0.86091 0.40728 0.94291 0.28296 0.63027 0.71090 0.37080 0.95253 0.62720 0.16175 0.71178 0.97235 0.80762 0.90232 0.57532 0.18293 0.79539 0.48603 0.38082 0.51045 0.63269
0.37456 0.55441 0.37902 0.46681 0.47008 0.45538 0.36418 0.49894 0.54512 0.65543 0.76420 0.68269 0.64281 0.43843 0.53334 0.38038 0.27436 0.56093 0.42447 0.72468 0.26690 0.24903 0.00000 0.30059 0.81322 0.29727 0.48557 0.29195 0.64819 0.61233 0.16317 0.69488 0.53108 0.46545 0.56153 0.13331 0.70367 0.39198 0.09370 0.65377 0.73466 0.56996 0.66556 0.40024 0.22458 0.55169 0.39572 0.15450 0.47314 0.42277
0.51815 0.84382 0.62877 0.69308 0.52895 0.73747 0.53107 0.48121 0.84513 0.95589 1.05950 0.97661 0.91694 0.69760 0.58913 0.61970 0.56478 0.82342 0.57530 0.89147 0.55730 0.32556 0.30059 0.00000 0.98894 0.47245 0.78545 0.13199 0.81353 0.74428 0.34181 0.86216 0.54088 0.76155 0.41011 0.30334 0.85643 0.46659 0.25844 0.94730 0.95006 0.63146 0.88662 0.31547 0.14270 0.64532 0.69198 0.28254 0.75739 0.69747
0.47109 0.55594 0.99435 1.09330 1.26304 0.92076 0.46306 0.61146 0.69865 0.75115 0.96238 0.93607 0.44674 0.99900 0.46314 0.45099 0.63157 0.39925 1.16633 0.09890 0.63490 1.05961 0.81322 0.98894 0.00000 0.52812 0.68686 0.87305 0.17555 0.26165 0.67297 0.12717 1.33591 0.62320 0.83589 0.71485 0.14416 0.53511 0.90621 0.92602 0.16206 0.43135 0.20955 0.74932 1.00447 0.38058 0.80936 0.72206 0.91654 0.50194
0.08207 0.46058 0.58857 0.69011 0.76557 0.59155 0.06729 0.30935 0.52979 0.63847 0.81165 0.74504 0.48763 0.62462 0.27145 0.17383 0.26022 0.38240 0.70081 0.43482 0.25665 0.54602 0.29727 0.47245 0.52812 0.00000 0.47765 0.37372 0.35682 0.31509 0.14516 0.40485 0.82835 0.42287 0.48201 0.18685 0.40927 0.15553 0.38638 0.72103 0.47761 0.29910 0.41476 0.32607 0.47635 0.26531 0.48871 0.19510 0.60010 0.29569
0.53282 0.14738 0.37747 0.45610 0.73967 0.25289 0.49360 0.78651 0.05976 0.17237 0.33585 0.27737 0.28231 0.35091 0.72098 0.34096 0.23604 0.28834 0.59468 0.64543 0.24261 0.62650 0.48557 0.78545 0.68686 0.47765 0.00000 0.75154 0.60146 0.64630 0.49881 0.62539 0.83060 0.06701 0.94837 0.51808 0.66099 0.63145 0.55055 0.25822 0.53661 0.73408 0.47776 0.78268 0.69901 0.67714 0.16350 0.55030 0.24214 0.21482
0.40643 0.78804 0.66170 0.73966 0.62995 0.74732 0.42520 0.34932 0.81094 0.92391 1.05073 0.97075 0.84507 0.72547 0.45927 0.53600 0.51880 0.74534 0.65015 0.77463 0.51166 0.40815 0.29195 0.13199 0.87305 0.37372 0.75154 0.00000 0.69761 0.62237 0.26539 0.74588 0.65387 0.71753 0.30279 0.23633 0.73692 0.34245 0.29176 0.94222 0.84686 0.50159 0.78667 0.18541 0.23656 0.51892 0.68351 0.20658 0.76503 0.63148
0.29608 0.49387 0.86511 0.96668 1.10707 0.81211 0.29050 0.45059 0.62691 0.70158 0.91077 0.87048 0.41941 0.87919 0.30508 0.30876 0.49629 0.33594 1.02096 0.07840 0.49824 0.89658 0.64819 0.81353 0.17555 0.35682 0.60146 0.69761 0.00000 0.10433 0.50196 0.04868 1.17615 0.53460 0.67644 0.54352 0.06215 0.36121 0.74005 0.85559 0.20249 0.28052 0.18731 0.57844 0.83230 0.22062 0.69876 0.54898 0.81153 0.39383
0.24042 0.55575 0.87039 0.97302 1.08012 0.83578 0.24856 0.35107 0.67928 0.76406 0.96891 0.92161 0.49959 0.89270 0.20356 0.32180 0.50489 0.40541 1.00780 0.16455 0.50530 0.86091 0.61233 0.74428 0.26165 0.31509 0.64630 0.62237 0.10433 0.00000 0.45574 0.14138 1.14340 0.57958 0.57652 0.49539 0.11812 0.28016 0.70056 0.90417 0.30629 0.17661 0.28403 0.48874 0.77791 0.11962 0.72318 0.49508 0.83799 0.43201
0.21553 0.52349 0.50770 0.60417 0.63248 0.54704 0.21180 0.35144 0.55696 0.67005 0.81598 0.74083 0.58108 0.55640 0.37101 0.27797 0.26278 0.48379 0.58432 0.57997 0.25622 0.40728 0.16317 0.34181 0.67297 0.14516 0.49881 0.26539 0.50196 0.45574 0.00000 0.55000 0.69023 0.45832 0.45989 0.04204 0.55386 0.23050 0.24580 0.71389 0.61474 0.40704 0.54903 0.29157 0.33181 0.38904 0.46075 0.06026 0.56039 0.36611
0.34476 0.51010 0.90242 1.00342 1.15174 0.84355 0.33877 0.49208 0.64702 0.71576 0.92641 0.88992 0.42444 0.91391 0.34491 0.34787 0.53437 0.35018 1.06283 0.02997 0.53673 0.94291 0.69488 0.86216 0.12717 0.40485 0.62539 0.74588 0.04868 0.14138 0.55000 0.00000 1.22179 0.55903 0.71772 0.59164 0.04423 0.40843 0.78707 0.87635 0.17950 0.31714 0.18167 0.62427 0.88064 0.26076 0.73042 0.59744 0.84194 0.42294
0.90487 0.95813 0.47090 0.44359 0.09311 0.62703 0.89521 0.98095 0.87590 0.95369 0.94409 0.86478 1.08032 0.52826 1.04913 0.88845 0.72731 1.02756 0.25460 1.25128 0.72182 0.28296 0.53108 0.54088 1.33591 0.82835 0.83060 0.65387 1.17615 1.14340 0.69023 1.22179 0.00000 0.85128 0.95019 0.65345 1.23309 0.90812 0.44456 0.83843 1.23966 1.08863 1.16931 0.83423 0.41816 1.07803 0.67089 0.66205 0.64882 0.88439
0.47342 0.10705 0.41406 0.50020 0.76223 0.30509 0.43382 0.72998 0.10773 0.21605 0.39762 0.34291 0.23695 0.39686 0.65885 0.27777 0.19896 0.22674 0.62453 0.57946 0.20623 0.63027 0.46545 0.76155 0.62320 0.42287 0.06701 0.71753 0.53460 0.57958 0.45832 0.55903 0.85128 0.00000 0.89937 0.48165 0.59429 0.57462 0.53851 0.32464 0.47567 0.67060 0.41484 0.73560 0.68541 0.61268 0.20281 0.51289 0.29738 0.14884
0.45892 0.94259 0.94054 1.02650 0.93151 1.00263 0.49562 0.22585 1.00398 1.11528 1.27373 1.20001 0.95974 0.99860 0.37311 0.65228 0.71517 0.85205 0.95083 0.74076 0.70940 0.71090 0.56153 0.41011 0.83589 0.48201 0.94837 0.30279 0.67644 0.57652 0.45989 0.71772 0.95019 0.89937 0.00000 0.45572 0.69192 0.35140 0.58552 1.17337 0.86702 0.40512 0.82380 0.16834 0.53715 0.45697 0.92047 0.42359 1.01734 0.77770
0.25496 0.55225 0.49569 0.58935 0.59828 0.54694 0.25313 0.36809 0.57705 0.69022 0.82801 0.75095 0.61567 0.54833 0.40122 0.31683 0.28343 0.52036 0.55771 0.62161 0.27643 0.37080 0.13331 0.30334 0.71485 0.18685 0.51808 0.23633 0.54352 0.49539 0.04204 0.59164 0.65345 0.48165 0.45572 0.00000 0.59493 0.25950 0.20906 0.72338 0.65636 0.43872 0.59036 0.28831 0.28980 0.42461 0.46707 0.03305 0.56165 0.39833
0.34301 0.54946 0.92711 1.02874 1.16527 0.87394 0.34215 0.46731 0.68471 0.75608 0.96624 0.92805 0.46723 0.94134 0.31902 0.37064 0.55825 0.39009 1.08145 0.05195 0.56012 0.95253 0.70367 0.85643 0.14416 0.40927 0.66099 0.73692 0.06215 0.11812 0.55386 0.04423 1.23309 0.59429 0.69192 0.59493 0.00000 0.39593 0.79471 0.91382 0.22246 0.28793 0.22563 0.60681 0.88208 0.23648 0.76061 0.59830 0.87317 0.45499
0.10859 0.60252 0.72752 0.82698 0.85672 0.74306 0.14720 0.15537 0.68214 0.78896 0.96631 0.90042 0.60939 0.76926 0.14182 0.30855 0.41537 0.50155 0.81480 0.43622 0.41155 0.62720 0.39198 0.46659 0.53511 0.15553 0.63145 0.34245 0.36121 0.28016 0.23050 0.40843 0.90812 0.57462 0.35140 0.25950 0.39593 0.00000 0.46637 0.87652 0.53163 0.18051 0.48110 0.22163 0.51542 0.17970 0.64260 0.24638 0.75263 0.43969
0.46098 0.63302 0.37449 0.44823 0.39043 0.47918 0.45364 0.55668 0.60903 0.71583 0.80449 0.72092 0.72836 0.44153 0.60811 0.47373 0.35637 0.65023 0.36945 0.81693 0.34912 0.16175 0.09370 0.25844 0.90621 0.38638 0.55055 0.29176 0.74005 0.70056 0.24580 0.78707 0.44456 0.53851 0.58552 0.20906 0.79471 0.46637 0.00000 0.69147 0.82825 0.64657 0.75905 0.43561 0.14861 0.63364 0.43966 0.22027 0.49929 0.50994
0.78316 0.37019 0.37611 0.39861 0.74590 0.22402 0.74485 1.02977 0.22937 0.19407 0.11408 0.02954 0.48846 0.31136 0.97475 0.59742 0.46345 0.52919 0.58386 0.89440 0.46824 0.71178 0.65377 0.94730 0.92602 0.72103 0.25822 0.94222 0.85559 0.90417 0.71389 0.87635 0.83843 0.32464 1.17337 0.72338 0.91382 0.87652 0.69147 0.00000 0.76848 0.98982 0.71709 1.00520 0.83452 0.93417 0.25871 0.75642 0.20144 0.47305
0.44276 0.39973 0.86575 0.96151 1.16122 0.77872 0.42168 0.64243 0.54325 0.59043 0.80130 0.77736 0.28528 0.86317 0.50163 0.35506 0.51665 0.24893 1.05147 0.17575 0.52126 0.97235 0.73466 0.95006 0.16206 0.47761 0.53661 0.84686 0.20249 0.30629 0.61474 0.17950 1.23966 0.47567 0.86702 0.65636 0.22246 0.53163 0.82825 0.76848 0.00000 0.48078 0.07034 0.75327 0.94296 0.41809 0.67004 0.67047 0.77250 0.37057
0.21951 0.67142 0.88766 0.98910 1.03675 0.88410 0.25214 0.18382 0.77684 0.87401 1.06816 1.01085 0.64135 0.92284 0.04234 0.39313 0.54687 0.53809 0.99000 0.33801 0.54484 0.80762 0.56996 0.63146 0.43135 0.29910 0.73408 0.50159 0.28052 0.17661 0.40704 0.31714 1.08863 0.67060 0.40512 0.43872 0.28793 0.18051 0.64657 0.98982 0.48078 0.00000 0.45100 0.34135 0.69277 0.06624 0.77675 0.42683 0.89068 0.52338
0.38645 0.34690 0.79820 0.89481 1.09092 0.71537 0.36212 0.60175 0.48924 0.54570 0.75725 0.72781 0.24605 0.79756 0.46683 0.28547 0.44665 0.18975 0.98191 0.18943 0.45118 0.90232 0.66556 0.88662 0.20955 0.41476 0.47776 0.78667 0.18731 0.28403 0.54903 0.18167 1.16931 0.41484 0.82380 0.59036 0.22563 0.48110 0.75905 0.71709 0.07034 0.45100 0.00000 0.70207 0.87557 0.38587 0.60542 0.60569 0.71009 0.30262
0.31939 0.78440 0.77812 0.86702 0.80369 0.83516 0.35163 0.17007 0.83903 0.95101 1.10609 1.03194 0.81215 0.83420 0.30059 0.49957 0.54833 0.70560 0.80490 0.65076 0.54240 0.57532 0.40024 0.31547 0.74932 0.32607 0.78268 0.18541 0.57844 0.48874 0.29157 0.62427 0.83423 0.73560 0.16834 0.28831 0.60681 0.22163 0.43561 1.00520 0.75327 0.34135 0.70207 0.00000 0.41624 0.37371 0.75214 0.25667 0.84959 0.61972
0.53937 0.77764 0.49726 0.55511 0.39438 0.61754 0.54187 0.56757 0.75759 0.86439 0.94815 0.86405 0.86724 0.56772 0.65138 0.59415 0.49841 0.78350 0.43261 0.91058 0.49100 0.18293 0.22458 0.14270 1.00447 0.47635 0.69901 0.23656 0.83230 0.77791 0.33181 0.88064 0.41816 0.68541 0.53715 0.28980 0.88208 0.51542 0.14861 0.83452 0.94296 0.69277 0.87557 0.41624 0.00000 0.69359 0.58617 0.28377 0.63857 0.64693
0.18324 0.60896 0.85047 0.95267 1.02150 0.83763 0.20925 0.23145 0.71801 0.81305 1.00968 0.95443 0.57566 0.88181 0.08447 0.33678 0.49997 0.47299 0.96505 0.28411 0.49859 0.79539 0.55169 0.64532 0.38058 0.26531 0.67714 0.51892 0.22062 0.11962 0.38904 0.26076 1.07803 0.61268 0.45697 0.42461 0.23648 0.17970 0.63364 0.93417 0.41809 0.06624 0.38587 0.37371 0.69359 0.00000 0.72836 0.41756 0.84303 0.46447
0.56008 0.30547 0.21415 0.29739 0.57912 0.11337 0.52489 0.79131 0.20500 0.29157 0.36848 0.28733 0.43892 0.19459 0.75542 0.40148 0.23017 0.42326 0.43155 0.75414 0.23280 0.48603 0.39572 0.69198 0.80936 0.48871 0.16350 0.68351 0.69876 0.72318 0.46075 0.73042 0.67089 0.20281 0.92047 0.46707 0.76061 0.64260 0.43966 0.25871 0.67004 0.77675 0.60542 0.75214 0.58617 0.72836 0.00000 0.50000 0.11509 0.30853
0.25570 0.58148 0.52446 0.61675 0.61068 0.57906 0.25900 0.34445 0.60914 0.72232 0.86105 0.78400 0.64121 0.57844 0.38798 0.33777 0.31517 0.54405 0.57786 0.62733 0.30826 0.38082 0.15450 0.28254 0.72206 0.19510 0.55030 0.20658 0.54898 0.49508 0.06026 0.59744 0.66205 0.51289 0.42359 0.03305 0.59830 0.24638 0.22027 0.75642 0.67047 0.42683 0.60569 0.25667 0.28377 0.41756 0.50000 0.00000 0.59398 0.42555
0.67317 0.38940 0.17896 0.22720 0.55571 0.02271 0.63861 0.89899 0.26164 0.31172 0.31507 0.23058 0.52422 0.12425 0.86853 0.51641 0.34381 0.52376 0.39650 0.86496 0.34595 0.51045 0.47314 0.75739 0.91654 0.60010 0.24214 0.76503 0.81153 0.83799 0.56039 0.84194 0.64882 0.29738 1.01734 0.56165 0.87317 0.75263 0.49929 0.20144 0.77250 0.89068 0.71009 0.84959 0.63857 0.84303 0.11509 0.59398 0.00000 0.41904
0.33425 0.16492 0.49558 0.59266 0.80148 0.42118 0.29438 0.59431 0.25358 0.35282 0.54521 0.49172 0.22077 0.49709 0.51352 0.13328 0.15900 0.14386 0.68332 0.44598 0.16535 0.63269 0.42277 0.69747 0.50194 0.29569 0.21482 0.63148 0.39383 0.43201 0.36611 0.42294 0.88439 0.14884 0.77770 0.39833 0.45499 0.43969 0.50994 0.47305 0.37057 0.52338 0.30262 0.61972 0.64693 0.46447 0.30853 0.42555 0.41904 0.00000
