200 0
0.00000 0.31199 0.82156 0.39014 0.31858 0.70044 0.36878 0.21960 0.58025 0.36019 0.56664 0.33800 0.89200 0.92864 0.34866 0.74968 0.37201 0.46659 0.32341 0.53591 0.46785 0.96169 0.22825 0.85519 0.91385 0.80890 0.76556 0.88583 0.90586 0.72033 0.08668 0.50198 0.62212 0.07385 0.41423 0.72772 0.52740 0.78112 0.75335 0.86800 0.32040 0.34591 0.36777 0.71174 0.32797 0.47654 0.43101 0.87586 0.85372 0.20041 0.96268 0.72942 0.92657 0.49574 0.57552 0.36118 0.10943 0.25312 0.81248 0.86248 0.63417 0.22066 0.33795 0.89286 0.78346 0.71152 0.38099 0.85929 0.11808 0.38179 0.78286 0.71607 0.79086 1.03648 0.05338 0.16973 0.64667 0.71274 0.49510 0.33535 0.96483 0.22188 0.97597 0.89849 0.36387 0.94093 0.81892 0.59839 0.59282 0.13811 0.64553 0.45923 0.86877 0.64596 0.61302 0.18102 0.61802 0.54859 0.99290 0.50228 0.56784 1.00606 0.20142 0.11405 0.84338 0.55314 0.86082 0.84786 0.24817 0.61166 0.52503 0.35866 0.33011 0.31018 0.73667 0.96105 0.49122 0.41405 0.31497 0.88866 0.81266 0.44616 1.04628 0.57936 1.05933 0.13599 0.67146 0.62609 0.50747 0.92597 0.33351 0.89903 0.94324 0.67703 0.39372 0.88697 0.37828 0.31566 0.98066 0.34448 0.02857 0.39699 0.15003 0.86440 0.37772 0.60354 0.51212 0.36102 0.92308 0.07817 0.69916 0.26093 0.35088 0.24178 0.16753 0.18326 0.77604 0.33742 1.00781 0.82906 0.41046 0.50565 0.22652 0.37290 0.65488 0.37781 0.35318 0.80363 1.00672 0.45039 0.87541 0.42540 0.41755 0.53250 0.62324 0.71653 0.59746 0.44901 0.23377 0.77131 0.70193 0.23759 0.51702 0.06577 0.59091 0.65077 0.41313 0.53236 0.38271 0.61939 0.37358 0.39075 0.34198 0.71727 0.69318 0.93203 0.19742 0.18334 0.68381 0.64535
0.31199 0.00000 0.89510 0.51696 0.02603 0.79749 0.61063 0.46048 0.80312 0.47451 0.75301 0.08505 0.99230 0.83161 0.39862 0.76694 0.44789 0.76654 0.49566 0.42501 0.16591 1.04199 0.32019 0.97198 0.73360 0.84147 0.79445 0.83395 0.75624 0.67916 0.24114 0.62880 0.53149 0.28294 0.30317 0.89688 0.26718 0.67253 0.70965 0.84276 0.54032 0.17799 0.65848 0.84369 0.17850 0.28240 0.39606 0.74136 0.69392 0.17935 0.97508 0.76411 0.73345 0.63663 0.60764 0.42848 0.40000 0.17605 0.61244 0.70599 0.43861 0.09228 0.58026 0.88126 0.67283 0.48184 0.18860 0.68702 0.41043 0.24413 0.74889 0.84926 0.93269 1.09110 0.36431 0.47491 0.63274 0.86619 0.69156 0.30757 1.05934 0.42614 0.76903 0.78456 0.66567 1.01987 0.93782 0.83167 0.32956 0.26904 0.57521 0.54335 0.68848 0.78230 0.65174 0.15082 0.87460 0.56986 1.01482 0.74941 0.72674 1.03190 0.17716 0.42048 0.78510 0.36698 0.82267 0.87225 0.41631 0.66057 0.37317 0.10185 0.56972 0.46543 0.56618 0.78096 0.43471 0.16021 0.32613 0.83673 0.68493 0.36856 1.11517 0.81861 1.14889 0.20094 0.74997 0.48210 0.71661 1.01667 0.19901 1.02581 0.74175 0.53622 0.53862 0.97892 0.23172 0.39493 0.78179 0.59174 0.32490 0.27311 0.22785 0.88072 0.66852 0.63581 0.46671 0.65533 0.97897 0.24783 0.53763 0.05657 0.63979 0.42850 0.15738 0.23202 0.72588 0.17382 1.05817 0.70543 0.67070 0.31634 0.35271 0.44003 0.61155 0.13076 0.22046 0.78299 1.03068 0.14205 0.86685 0.68044 0.30429 0.72523 0.47455 0.91804 0.85089 0.68567 0.53462 0.88488 0.51364 0.54546 0.40449 0.29877 0.63662 0.88961 0.56514 0.79161 0.46471 0.83822 0.40171 0.38163 0.16323 0.55254 0.86861 0.93863 0.17983 0.36821 0.82852 0.66614
0.82156 0.89510 0.00000 0.43152 0.92065 0.12778 0.55600 0.63110 0.45465 0.46272 0.36122 0.82604 0.11688 0.47606 0.50561 0.17890 0.46402 0.76346 0.50509 0.54372 0.90708 0.14693 0.61683 0.14040 0.69686 0.11707 0.14296 0.34559 0.60980 0.32802 0.78592 0.32490 0.46932 0.88835 0.61454 0.28161 0.81706 0.48087 0.32492 0.27215 0.54520 0.72882 0.69946 0.18132 1.04665 0.70296 0.50512 0.56072 0.62217 0.74402 0.21244 0.15218 0.73839 0.33887 0.28953 0.48058 0.74772 0.99630 0.71882 0.61563 0.68318 0.87308 0.56953 0.24107 0.48598 0.77263 0.73696 0.65696 0.74714 0.66975 0.29536 0.18279 0.20037 0.21639 0.80881 0.76998 0.30579 0.23669 0.41277 0.58759 0.16880 0.60567 0.80105 0.51213 0.75609 0.12484 0.13407 0.48765 0.83357 0.71121 0.41920 0.36768 0.68155 0.22239 0.24566 0.79460 0.57735 0.32847 0.21428 0.53746 0.30725 0.21792 0.95221 0.78177 0.35615 0.67159 0.30526 0.13702 0.57362 0.23479 0.61792 0.99669 0.56830 0.51237 0.62939 0.71532 0.48501 0.80783 0.57311 0.34629 0.53113 0.54766 0.22570 0.50791 0.25410 0.89817 0.15102 0.57560 0.43412 0.12581 0.70134 0.19464 0.76977 0.56124 0.43144 0.09338 0.68281 0.52364 0.77901 0.57632 0.84694 0.64256 0.73363 0.16102 0.70012 0.26301 0.45318 0.71557 0.10757 0.78882 0.60666 0.89644 0.69202 0.58261 0.80225 0.70565 0.33681 1.04812 0.19084 0.52289 0.58971 0.68729 0.60313 0.46802 0.35975 0.80600 0.68419 0.25861 0.22147 0.92543 0.22914 0.57205 0.61514 0.38865 0.58575 0.38619 0.56145 0.51774 0.74645 0.11731 0.66911 0.78399 0.55566 0.76045 0.25874 0.51206 0.41696 0.57850 0.44946 0.43962 0.49593 0.51365 0.74339 0.61442 0.30202 0.20898 0.74545 0.63825 0.22174 0.24351
0.39014 0.51696 0.43152 0.00000 0.53991 0.31091 0.21749 0.21201 0.32052 0.04273 0.24423 0.46898 0.50483 0.63111 0.13572 0.37957 0.08731 0.46624 0.08443 0.35692 0.58592 0.57192 0.20214 0.47267 0.71373 0.42818 0.38839 0.55223 0.66845 0.39871 0.36047 0.11663 0.37957 0.45795 0.32402 0.37996 0.54876 0.51734 0.42862 0.51581 0.15844 0.38819 0.36207 0.33419 0.64169 0.43682 0.23083 0.62517 0.63703 0.34335 0.58486 0.35157 0.74195 0.12000 0.21704 0.10517 0.32016 0.58245 0.65722 0.64017 0.52068 0.47120 0.20825 0.53012 0.52152 0.62363 0.41254 0.65750 0.32091 0.35381 0.44564 0.33929 0.42050 0.64693 0.37839 0.35549 0.31392 0.35021 0.19726 0.23933 0.57699 0.17665 0.80404 0.62184 0.41041 0.55100 0.43677 0.35806 0.59441 0.28792 0.37171 0.08528 0.67589 0.26984 0.24324 0.38853 0.43019 0.20713 0.61080 0.31197 0.20994 0.62247 0.53446 0.35696 0.51961 0.46076 0.51868 0.46895 0.14211 0.23567 0.40352 0.61261 0.20023 0.08160 0.55832 0.75408 0.27112 0.48650 0.20452 0.55482 0.56470 0.28674 0.65616 0.35494 0.67115 0.47537 0.28202 0.44776 0.23139 0.53721 0.35677 0.52138 0.76792 0.47735 0.03215 0.49815 0.36363 0.12373 0.79659 0.22185 0.41543 0.33825 0.31711 0.48834 0.36784 0.23974 0.26496 0.37323 0.53404 0.36231 0.51926 0.50234 0.34647 0.15233 0.39262 0.29575 0.45379 0.64552 0.61889 0.57348 0.28597 0.44235 0.17904 0.09950 0.34922 0.46881 0.35101 0.45373 0.62369 0.59215 0.51189 0.28036 0.32686 0.22306 0.45198 0.40975 0.40456 0.24830 0.34976 0.38653 0.55683 0.38771 0.35087 0.32996 0.21946 0.41650 0.05620 0.36704 0.07356 0.34759 0.15362 0.19893 0.39937 0.53647 0.35248 0.55774 0.34387 0.20698 0.31407 0.28372
0.31858 0.02603 0.92065 0.53991 0.00000 0.82243 0.62803 0.47660 0.82273 0.49758 0.77458 0.10951 1.01744 0.85604 0.42311 0.79294 0.47205 0.77778 0.51640 0.45027 0.17337 1.06755 0.34175 0.99670 0.75423 0.86742 0.82041 0.85948 0.77865 0.70500 0.25237 0.65239 0.55682 0.28378 0.32902 0.91966 0.28348 0.69695 0.73544 0.86863 0.55876 0.20382 0.67109 0.86775 0.15499 0.30546 0.42204 0.76456 0.71598 0.19983 1.00111 0.79001 0.75312 0.65974 0.63339 0.45273 0.41083 0.15986 0.63209 0.72819 0.45977 0.09823 0.59743 0.90722 0.69718 0.49951 0.21347 0.70836 0.42120 0.26992 0.77474 0.87329 0.95659 1.11700 0.37153 0.48420 0.65877 0.88954 0.71236 0.33306 1.08466 0.44417 0.78743 0.80850 0.67631 1.04544 0.96244 0.85065 0.34429 0.28598 0.60082 0.56787 0.70928 0.80607 0.67748 0.16686 0.89179 0.59567 1.04085 0.76705 0.74949 1.05792 0.16793 0.42920 0.81057 0.38948 0.84841 0.89826 0.43622 0.68618 0.39742 0.07607 0.58701 0.48668 0.58817 0.80144 0.46071 0.18057 0.35090 0.86225 0.70860 0.39453 1.14092 0.83710 1.17437 0.20004 0.77523 0.50594 0.73677 1.04203 0.22504 1.05033 0.76072 0.55991 0.56100 1.00422 0.25745 0.41844 0.80084 0.60859 0.32942 0.29894 0.24516 0.90674 0.68114 0.66160 0.49273 0.66736 1.00480 0.25853 0.56030 0.05767 0.65259 0.44759 0.17155 0.25197 0.75156 0.14955 1.08409 0.72921 0.68687 0.33924 0.37346 0.46439 0.63744 0.15332 0.24644 0.80893 1.05671 0.14589 0.89283 0.69712 0.33011 0.74637 0.49822 0.93928 0.86830 0.70386 0.54506 0.90956 0.53477 0.55426 0.42982 0.31046 0.66224 0.90833 0.58739 0.80832 0.48881 0.85821 0.42678 0.40729 0.18902 0.57495 0.89105 0.96465 0.20004 0.38617 0.85211 0.69207
0.70044 0.79749 0.12778 0.31091 0.82243 0.00000 0.42879 0.50504 0.34446 0.34542 0.24314 0.73404 0.19649 0.52236 0.40043 0.19617 0.35448 0.64226 0.38054 0.48651 0.82706 0.26127 0.50420 0.17628 0.70977 0.18325 0.17327 0.40036 0.63183 0.32592 0.66990 0.19971 0.43310 0.76884 0.53440 0.20911 0.75041 0.48688 0.33560 0.33392 0.41768 0.63956 0.57376 0.09612 0.94057 0.63326 0.42145 0.58189 0.63095 0.63747 0.32411 0.15281 0.74884 0.21182 0.21480 0.37260 0.62287 0.88638 0.70870 0.62711 0.64168 0.76725 0.44184 0.31914 0.49214 0.73878 0.65240 0.66302 0.62188 0.58536 0.32013 0.10118 0.16929 0.34303 0.68519 0.64289 0.27247 0.15693 0.28816 0.49162 0.26715 0.48199 0.81347 0.54527 0.63026 0.24069 0.14479 0.38108 0.77568 0.59603 0.38989 0.25680 0.68684 0.10522 0.17784 0.68669 0.47325 0.25239 0.33502 0.41892 0.18317 0.34133 0.84041 0.65606 0.39517 0.61582 0.35831 0.22152 0.45233 0.15920 0.55831 0.89797 0.44054 0.39029 0.61202 0.73573 0.41466 0.72587 0.47160 0.40187 0.54025 0.47094 0.34686 0.39856 0.36074 0.78380 0.05967 0.53780 0.31225 0.22656 0.61027 0.23331 0.77969 0.53550 0.30760 0.18752 0.59801 0.41290 0.79516 0.44879 0.72512 0.56015 0.62141 0.24709 0.57479 0.19610 0.38577 0.58967 0.23524 0.67220 0.58300 0.79352 0.56571 0.45970 0.69311 0.59561 0.35487 0.94297 0.31851 0.53701 0.46495 0.62278 0.48701 0.36033 0.33287 0.71945 0.59570 0.29643 0.34423 0.84208 0.30289 0.44785 0.53561 0.26707 0.54692 0.30656 0.45469 0.39382 0.61870 0.09188 0.64156 0.65621 0.49445 0.64087 0.17983 0.41436 0.29140 0.46366 0.33869 0.33624 0.39586 0.42114 0.65354 0.59409 0.21568 0.31053 0.63862 0.51770 0.12460 0.19876
0.36878 0.61063 0.55600 0.21749 0.62803 0.42879 0.00000 0.15477 0.21190 0.23635 0.22138 0.58961 0.59155 0.84124 0.32250 0.56073 0.28962 0.24920 0.15512 0.56586 0.72185 0.67410 0.30874 0.54275 0.93085 0.59066 0.55964 0.75188 0.88569 0.60773 0.38903 0.25247 0.59670 0.44207 0.50735 0.38145 0.71684 0.73395 0.63566 0.70603 0.07674 0.53333 0.15205 0.40037 0.68577 0.61613 0.43477 0.84195 0.85443 0.43394 0.74490 0.52440 0.95840 0.22879 0.42051 0.30066 0.26199 0.61423 0.87021 0.85765 0.72369 0.53828 0.03135 0.71125 0.73822 0.82453 0.56517 0.87448 0.25550 0.52007 0.64709 0.40288 0.46180 0.76752 0.32987 0.24331 0.52269 0.38066 0.15156 0.40844 0.66376 0.18499 1.01995 0.83603 0.20625 0.65646 0.50790 0.23015 0.77112 0.34205 0.58890 0.29519 0.89250 0.34032 0.43565 0.46121 0.26401 0.41884 0.76148 0.13918 0.25236 0.76914 0.56179 0.27830 0.72427 0.65632 0.71504 0.63245 0.20579 0.42196 0.60283 0.68961 0.04110 0.18719 0.77263 0.97149 0.48283 0.63204 0.36838 0.75429 0.78190 0.48616 0.76289 0.21265 0.75635 0.49504 0.42783 0.65989 0.14909 0.63155 0.50411 0.57460 0.98388 0.69264 0.18913 0.59496 0.52652 0.28973 1.01326 0.02560 0.38309 0.51306 0.38295 0.65551 0.15586 0.43760 0.48031 0.16609 0.66355 0.38596 0.73313 0.57740 0.14023 0.18747 0.45783 0.38138 0.66087 0.69332 0.74551 0.79025 0.07173 0.62903 0.27166 0.30119 0.56346 0.60549 0.50725 0.64795 0.77171 0.71904 0.69303 0.07342 0.51072 0.18602 0.66318 0.35197 0.24029 0.08026 0.20049 0.47075 0.76666 0.23519 0.55697 0.33532 0.41269 0.28455 0.18003 0.18233 0.28195 0.25135 0.34986 0.39544 0.54030 0.75072 0.34465 0.72442 0.43290 0.24260 0.36337 0.47953
0.21960 0.46048 0.63110 0.21201 0.47660 0.50504 0.15477 0.00000 0.36299 0.20072 0.34798 0.44735 0.68897 0.82824 0.24813 0.59158 0.23954 0.33139 0.12894 0.49185 0.58226 0.76427 0.18323 0.64758 0.87432 0.63868 0.59991 0.75920 0.84372 0.60027 0.23430 0.30624 0.54783 0.29345 0.40538 0.50985 0.59397 0.69994 0.63170 0.72643 0.10108 0.40378 0.21608 0.50279 0.53116 0.50484 0.36185 0.80494 0.80297 0.28788 0.79565 0.56311 0.89642 0.29366 0.42628 0.24030 0.12136 0.46007 0.79626 0.80858 0.63379 0.38488 0.12344 0.74199 0.70347 0.72913 0.43817 0.81750 0.11848 0.40391 0.65255 0.50662 0.57752 0.84745 0.18858 0.14348 0.51740 0.49793 0.27602 0.30415 0.76224 0.05525 0.95424 0.81152 0.24496 0.74452 0.61143 0.38427 0.65297 0.19168 0.55380 0.29558 0.83245 0.43760 0.45496 0.30992 0.41614 0.41052 0.81997 0.29333 0.35501 0.83079 0.40770 0.15123 0.72362 0.55903 0.72740 0.67982 0.10001 0.44768 0.51226 0.53612 0.11407 0.13519 0.70467 0.91840 0.41951 0.49885 0.26599 0.76187 0.74202 0.40265 0.85132 0.36737 0.85672 0.34114 0.48629 0.58889 0.28793 0.72554 0.37733 0.68784 0.91887 0.63029 0.20232 0.68703 0.40771 0.20807 0.95194 0.13308 0.23769 0.40359 0.23299 0.69976 0.22533 0.45052 0.42737 0.21913 0.73672 0.23120 0.66474 0.42455 0.19669 0.07694 0.30537 0.23696 0.65649 0.53861 0.82132 0.75410 0.21028 0.52364 0.14869 0.24720 0.54374 0.46905 0.38541 0.66362 0.83233 0.57615 0.72378 0.22086 0.40897 0.31346 0.58987 0.49717 0.39328 0.23423 0.14650 0.56678 0.68733 0.18235 0.47842 0.18085 0.43123 0.43928 0.21419 0.33197 0.24130 0.40162 0.27900 0.31769 0.40830 0.68310 0.47476 0.76929 0.28644 0.09952 0.47178 0.49453
0.58025 0.80312 0.45465 0.32052 0.82273 0.34446 0.21190 0.36299 0.00000 0.35890 0.10865 0.77039 0.45081 0.84452 0.45519 0.52630 0.40783 0.32284 0.31001 0.66652 0.89607 0.53922 0.48618 0.39372 0.98815 0.52743 0.51157 0.73289 0.92558 0.62111 0.59462 0.26545 0.66434 0.65373 0.64453 0.20542 0.86849 0.77182 0.64155 0.67216 0.26716 0.69992 0.29455 0.27420 0.89270 0.75732 0.54802 0.87740 0.90835 0.62380 0.66464 0.48330 1.02190 0.23882 0.44371 0.42545 0.47389 0.82264 0.95291 0.90828 0.83339 0.73814 0.24237 0.66231 0.77676 0.93694 0.72743 0.93474 0.46736 0.67208 0.63909 0.27365 0.30126 0.64296 0.54173 0.45001 0.54327 0.22826 0.12343 0.55674 0.51666 0.38145 1.08635 0.85511 0.34723 0.52594 0.36432 0.04136 0.91493 0.53992 0.64008 0.35917 0.95603 0.23925 0.43747 0.65783 0.13227 0.46049 0.66885 0.10163 0.17835 0.67142 0.77039 0.48907 0.71822 0.77857 0.69174 0.56596 0.38683 0.41765 0.72020 0.88863 0.25018 0.34269 0.85205 1.02264 0.57954 0.79962 0.51932 0.73478 0.82445 0.60497 0.62597 0.05412 0.60210 0.70400 0.37307 0.74982 0.08987 0.49345 0.66888 0.40936 1.05053 0.76962 0.28960 0.46259 0.68113 0.43541 1.07397 0.23691 0.59497 0.65807 0.57919 0.59155 0.29076 0.44778 0.56547 0.31142 0.55548 0.59239 0.81526 0.77559 0.29622 0.37534 0.65656 0.57110 0.66503 0.89960 0.62821 0.82738 0.19102 0.76251 0.45144 0.41998 0.59776 0.77808 0.66632 0.62570 0.67535 0.89821 0.64549 0.17127 0.64738 0.10589 0.75574 0.14490 0.11117 0.13248 0.39826 0.34477 0.86090 0.42721 0.66369 0.54343 0.42040 0.09649 0.26434 0.12667 0.39352 0.03972 0.47411 0.51908 0.70951 0.83089 0.17030 0.65411 0.62329 0.43877 0.23320 0.47931
0.36019 0.47451 0.46272 0.04273 0.49758 0.34542 0.23635 0.20072 0.35890 0.00000 0.28619 0.42628 0.54085 0.62964 0.09640 0.39661 0.05374 0.48153 0.08563 0.33007 0.54383 0.60527 0.16164 0.51082 0.69671 0.45067 0.40882 0.55850 0.65645 0.40000 0.32449 0.15653 0.36332 0.42572 0.28660 0.42254 0.50959 0.50790 0.43120 0.52718 0.16841 0.34613 0.37302 0.37421 0.60144 0.39918 0.20028 0.61486 0.62150 0.30175 0.60620 0.37220 0.72314 0.16216 0.22692 0.06801 0.29897 0.54348 0.63387 0.62552 0.49073 0.43019 0.22192 0.54513 0.51180 0.59293 0.37111 0.64009 0.30097 0.31354 0.45189 0.37945 0.46135 0.67668 0.35306 0.34251 0.31675 0.39214 0.23634 0.19848 0.61242 0.15711 0.78420 0.61614 0.41793 0.58404 0.47516 0.39542 0.55682 0.25072 0.36125 0.10017 0.65748 0.31052 0.25885 0.34774 0.46412 0.20980 0.63440 0.34296 0.25260 0.64696 0.49624 0.33765 0.52304 0.42761 0.52704 0.49056 0.11606 0.25450 0.37160 0.57055 0.21255 0.06582 0.53638 0.73839 0.24648 0.44477 0.16267 0.56118 0.55316 0.25428 0.68819 0.39078 0.70617 0.43852 0.31197 0.42358 0.26920 0.57197 0.31472 0.56067 0.74818 0.45676 0.06983 0.53293 0.32299 0.08105 0.77821 0.23630 0.38646 0.29919 0.27788 0.50859 0.37967 0.25246 0.24495 0.38269 0.56305 0.32689 0.49683 0.46069 0.35620 0.13148 0.35236 0.25507 0.45607 0.60499 0.64772 0.56337 0.30720 0.40644 0.14161 0.06577 0.34541 0.42654 0.30960 0.46389 0.64785 0.54970 0.52708 0.30401 0.28959 0.26386 0.42699 0.45193 0.43845 0.27748 0.34457 0.42415 0.53086 0.38171 0.32214 0.29796 0.23561 0.45425 0.09637 0.39716 0.04609 0.38735 0.11816 0.16436 0.35712 0.51447 0.39520 0.57740 0.30237 0.17730 0.35544 0.29620
0.56664 0.75301 0.36122 0.24423 0.77458 0.24314 0.22138 0.34798 0.10865 0.28619 0.00000 0.71085 0.37687 0.73591 0.37924 0.41889 0.32885 0.40242 0.26004 0.57196 0.83002 0.46265 0.43287 0.32477 0.88220 0.42421 0.40562 0.62507 0.81805 0.51276 0.56505 0.16527 0.56195 0.64027 0.56337 0.16240 0.78999 0.66456 0.53295 0.56547 0.24696 0.63230 0.34703 0.18794 0.86069 0.67563 0.46028 0.76965 0.80226 0.57496 0.56679 0.37625 0.91665 0.14137 0.33750 0.34795 0.46792 0.79468 0.85117 0.80181 0.73924 0.69724 0.24507 0.55761 0.66955 0.84265 0.65672 0.82935 0.46345 0.59712 0.53055 0.18919 0.24075 0.56176 0.53601 0.46234 0.43571 0.15977 0.07243 0.48331 0.44748 0.35048 0.98129 0.74660 0.40340 0.44680 0.29114 0.14939 0.83227 0.50168 0.53519 0.26485 0.85101 0.13939 0.32934 0.61478 0.24088 0.35669 0.57479 0.17641 0.06970 0.57913 0.74356 0.49133 0.60973 0.68915 0.58413 0.46382 0.34292 0.30933 0.62997 0.84451 0.24868 0.28807 0.75028 0.91591 0.48559 0.73073 0.44872 0.62700 0.71744 0.51759 0.55125 0.16133 0.53842 0.67908 0.26641 0.65126 0.07671 0.41833 0.60089 0.35360 0.94563 0.66800 0.21728 0.38376 0.60728 0.36679 0.96820 0.24610 0.58564 0.58007 0.53786 0.48910 0.34613 0.34017 0.46864 0.36380 0.46604 0.56434 0.71431 0.73202 0.34283 0.33755 0.61592 0.52376 0.55639 0.86625 0.54344 0.71989 0.23561 0.67752 0.40177 0.34037 0.49109 0.71269 0.59518 0.51779 0.58261 0.83558 0.54046 0.21648 0.56594 0.03554 0.65776 0.16597 0.21913 0.16282 0.42185 0.26038 0.76232 0.45606 0.57098 0.52000 0.31287 0.19759 0.19036 0.22073 0.31296 0.11725 0.39353 0.43625 0.64328 0.72942 0.12680 0.55360 0.57494 0.40347 0.14785 0.37086
0.33800 0.08505 0.82604 0.46898 0.10951 0.73404 0.58961 0.44735 0.77039 0.42628 0.71085 0.00000 0.92680 0.74664 0.34170 0.69111 0.39275 0.76847 0.46037 0.34112 0.13593 0.97255 0.28469 0.90983 0.65197 0.76682 0.71985 0.75076 0.67217 0.59780 0.25577 0.57578 0.44775 0.32645 0.22257 0.84738 0.19867 0.58755 0.62781 0.76154 0.51559 0.09856 0.65635 0.78650 0.26355 0.19801 0.32224 0.65661 0.61027 0.16053 0.89679 0.69074 0.65345 0.58657 0.53689 0.37291 0.40884 0.25554 0.53270 0.62216 0.35657 0.14298 0.56064 0.80107 0.58782 0.40673 0.10403 0.60435 0.41920 0.16329 0.66757 0.79224 0.87626 1.01738 0.38642 0.48742 0.55487 0.81343 0.65385 0.24280 0.99215 0.40538 0.69144 0.69951 0.67068 0.95041 0.87651 0.80175 0.26394 0.25930 0.49245 0.48451 0.60663 0.72724 0.58099 0.15782 0.85238 0.49836 0.93737 0.72607 0.67824 0.95480 0.24673 0.43610 0.70173 0.28310 0.74050 0.79620 0.38678 0.59130 0.28812 0.18070 0.54967 0.42798 0.48270 0.69953 0.35600 0.08399 0.26828 0.75353 0.59995 0.28948 1.04336 0.79098 1.08015 0.25285 0.68397 0.39708 0.68180 0.94922 0.12470 0.96506 0.66308 0.45124 0.49378 0.91206 0.15041 0.34525 0.70291 0.57332 0.35661 0.19240 0.21949 0.80358 0.66621 0.56439 0.38848 0.65539 0.90628 0.26382 0.45339 0.12556 0.63712 0.40267 0.17056 0.21039 0.64339 0.25878 0.98407 0.62042 0.65431 0.23208 0.32059 0.38353 0.53073 0.04913 0.14302 0.70263 0.95337 0.12943 0.78706 0.66179 0.22333 0.68552 0.38958 0.87680 0.82784 0.66038 0.54204 0.82324 0.43149 0.55842 0.32078 0.30832 0.56738 0.86057 0.52069 0.77194 0.40975 0.80353 0.33971 0.31352 0.08361 0.46858 0.82117 0.85994 0.16238 0.34938 0.77442 0.59234
0.89200 0.99230 0.11688 0.50483 1.01744 0.19649 0.59155 0.68897 0.45081 0.54085 0.37687 0.92680 0.00000 0.57938 0.59646 0.29558 0.55093 0.77212 0.56930 0.65685 1.01404 0.08874 0.70045 0.05969 0.80916 0.22901 0.25947 0.44824 0.72025 0.44462 0.86500 0.39021 0.58543 0.96169 0.72073 0.25100 0.92860 0.59573 0.44040 0.37443 0.59532 0.83096 0.72389 0.19118 1.13702 0.81330 0.60926 0.67179 0.73576 0.83388 0.27501 0.26846 0.85109 0.39703 0.39501 0.56896 0.80915 1.08276 0.83492 0.72868 0.79924 0.96365 0.61019 0.33595 0.60079 0.88935 0.84152 0.77091 0.80723 0.77422 0.40900 0.18885 0.15329 0.19496 0.87351 0.82131 0.42130 0.22299 0.44083 0.68538 0.07327 0.67133 0.91303 0.62004 0.78024 0.07879 0.08670 0.47659 0.94733 0.79156 0.53571 0.45324 0.79555 0.25317 0.35241 0.88317 0.55902 0.43414 0.25681 0.54512 0.34024 0.25107 1.03657 0.83999 0.46473 0.78545 0.41007 0.23848 0.64473 0.33851 0.73078 1.09318 0.61102 0.58232 0.74612 0.82554 0.59423 0.91376 0.66700 0.44855 0.64516 0.65495 0.17541 0.50014 0.16780 0.97936 0.24283 0.69184 0.45355 0.04271 0.80240 0.08902 0.88247 0.67809 0.49832 0.02795 0.78712 0.60937 0.89010 0.61445 0.91582 0.74786 0.81763 0.25824 0.72293 0.37054 0.56312 0.74066 0.13937 0.86704 0.72355 0.98957 0.71942 0.65028 0.88958 0.79207 0.45103 1.13936 0.18682 0.63597 0.61248 0.79912 0.68242 0.55665 0.47621 0.90972 0.78663 0.37021 0.25653 1.03092 0.32760 0.59330 0.72160 0.40978 0.70191 0.34941 0.54759 0.53966 0.78974 0.12235 0.78598 0.82588 0.66790 0.83397 0.36191 0.48773 0.47935 0.57746 0.53517 0.42670 0.59067 0.61328 0.84523 0.73126 0.28213 0.28621 0.83505 0.71046 0.22937 0.35619
0.92864 0.83161 0.47606 0.63111 0.85604 0.52236 0.84124 0.82824 0.84452 0.62964 0.73591 0.74664 0.57938 0.00000 0.59118 0.32623 0.58902 1.08864 0.71232 0.41157 0.75451 0.54797 0.70358 0.61581 0.25973 0.36029 0.35153 0.13116 0.16438 0.23351 0.85649 0.60025 0.31058 0.97070 0.54146 0.73042 0.62433 0.15909 0.20664 0.20505 0.78947 0.65938 0.99111 0.61709 1.00990 0.55372 0.49766 0.13086 0.21148 0.76132 0.33907 0.36984 0.30185 0.62791 0.42109 0.59062 0.90741 0.99091 0.34276 0.19847 0.42794 0.86019 0.83733 0.24576 0.15897 0.46400 0.64318 0.24551 0.91237 0.59542 0.20566 0.62150 0.66896 0.50681 0.94401 0.96519 0.31858 0.67866 0.74989 0.59601 0.59465 0.77873 0.35458 0.06310 1.04111 0.53393 0.60893 0.88485 0.60151 0.79078 0.28319 0.54774 0.26704 0.61784 0.41271 0.80911 0.97678 0.42411 0.38218 0.89305 0.66629 0.40094 0.96551 0.94854 0.12748 0.47592 0.17081 0.34155 0.73276 0.43050 0.45868 0.92325 0.83019 0.69521 0.30486 0.26021 0.43786 0.68426 0.61367 0.13084 0.15850 0.49008 0.55747 0.89699 0.63166 0.93774 0.47746 0.35203 0.78444 0.56402 0.64832 0.66630 0.33110 0.30012 0.65486 0.55150 0.60607 0.63024 0.32703 0.85009 0.95717 0.56877 0.78826 0.32117 0.99610 0.40685 0.41678 1.00319 0.45515 0.86329 0.31473 0.86234 0.97644 0.75357 0.82292 0.75294 0.18180 1.00541 0.47756 0.13690 0.90236 0.52156 0.71614 0.58225 0.28451 0.70433 0.62413 0.22619 0.39555 0.78508 0.25206 0.89142 0.53920 0.74629 0.36079 0.82883 0.95484 0.84532 0.97379 0.57889 0.36685 1.01046 0.43245 0.86394 0.43352 0.92713 0.66123 0.94612 0.58707 0.84607 0.56214 0.53840 0.67288 0.30679 0.73783 0.30971 0.76409 0.77507 0.64658 0.36878
0.34866 0.39862 0.50561 0.13572 0.42311 0.40043 0.32250 0.24813 0.45519 0.09640 0.37924 0.34170 0.59646 0.59118 0.00000 0.40621 0.05150 0.55968 0.16741 0.24741 0.45268 0.65195 0.12145 0.57375 0.62662 0.47147 0.42601 0.53838 0.59614 0.37344 0.29219 0.23440 0.30034 0.40381 0.19045 0.50682 0.41336 0.45495 0.40631 0.51943 0.24874 0.25538 0.44703 0.44568 0.54144 0.30287 0.11546 0.55839 0.55485 0.23846 0.62072 0.39132 0.64972 0.24699 0.23248 0.03169 0.31623 0.49105 0.55340 0.56046 0.40129 0.36783 0.30338 0.54545 0.45822 0.50208 0.27786 0.56977 0.32125 0.21811 0.43450 0.45133 0.53514 0.71221 0.35603 0.37647 0.29805 0.47180 0.33238 0.10426 0.66532 0.19419 0.70865 0.56899 0.48619 0.63006 0.53936 0.49182 0.46048 0.21793 0.31059 0.14476 0.58522 0.38562 0.27360 0.28902 0.55969 0.20181 0.65416 0.43730 0.33918 0.66882 0.44827 0.35736 0.49736 0.33455 0.51236 0.50812 0.14820 0.27682 0.28035 0.49820 0.29296 0.13590 0.45907 0.67041 0.17145 0.35232 0.07345 0.54118 0.49514 0.16380 0.73011 0.48702 0.75691 0.39811 0.35639 0.34382 0.36555 0.62326 0.22408 0.62723 0.67299 0.38294 0.16569 0.58482 0.22807 0.04030 0.70519 0.31807 0.37694 0.20288 0.23226 0.52238 0.45472 0.26140 0.18030 0.45445 0.59813 0.29686 0.41911 0.39312 0.42889 0.17121 0.29703 0.20165 0.42967 0.54333 0.68106 0.50805 0.39421 0.31095 0.12579 0.04183 0.31009 0.33671 0.21640 0.45506 0.66883 0.46084 0.52826 0.39326 0.19349 0.35878 0.34579 0.54404 0.53404 0.37109 0.39388 0.48656 0.44695 0.42817 0.23637 0.28292 0.25386 0.55064 0.19161 0.49077 0.06839 0.48313 0.03088 0.07336 0.26745 0.43730 0.48209 0.58825 0.23985 0.18389 0.43272 0.30080
0.74968 0.76694 0.17890 0.37957 0.79294 0.19617 0.56073 0.59158 0.52630 0.39661 0.41889 0.69111 0.29558 0.32623 0.40621 0.00000 0.37767 0.79752 0.46339 0.38111 0.75662 0.30492 0.52688 0.31433 0.52411 0.07853 0.03630 0.20697 0.44120 0.14912 0.69833 0.30828 0.29634 0.80891 0.47074 0.40474 0.65597 0.30442 0.14820 0.14776 0.52600 0.59255 0.71258 0.29136 0.93049 0.54625 0.37104 0.39136 0.44747 0.63530 0.21456 0.04380 0.56480 0.33299 0.17437 0.38919 0.69558 0.88882 0.54020 0.44193 0.50925 0.75952 0.56471 0.15151 0.30961 0.59574 0.59461 0.48149 0.69747 0.52906 0.12542 0.29596 0.35006 0.32847 0.74818 0.73505 0.14021 0.35277 0.44470 0.46637 0.33911 0.55312 0.62847 0.35047 0.76689 0.28406 0.29851 0.56549 0.66631 0.62375 0.24455 0.29718 0.50593 0.29322 0.13778 0.68715 0.65807 0.20521 0.24990 0.58614 0.35057 0.26596 0.84973 0.73406 0.19900 0.50507 0.16551 0.10533 0.51253 0.14399 0.45506 0.86854 0.56007 0.45857 0.45054 0.54628 0.33667 0.66099 0.46211 0.20876 0.35605 0.40282 0.36043 0.57989 0.41147 0.80319 0.15369 0.40141 0.47615 0.29817 0.56830 0.37144 0.59608 0.38361 0.39282 0.27080 0.54221 0.43490 0.60803 0.57519 0.77721 0.50040 0.63775 0.11643 0.71572 0.14614 0.30387 0.72682 0.22275 0.70283 0.42845 0.77701 0.70083 0.52771 0.69723 0.60567 0.16348 0.93018 0.29454 0.34974 0.61211 0.52663 0.52322 0.37716 0.18606 0.66447 0.54823 0.10079 0.26525 0.77822 0.13319 0.59807 0.47063 0.43433 0.41182 0.50260 0.63744 0.54725 0.72649 0.25999 0.49130 0.76472 0.39574 0.68476 0.16105 0.60439 0.38926 0.63630 0.36746 0.52414 0.38759 0.39146 0.60751 0.43579 0.41161 0.18242 0.63726 0.57083 0.32037 0.10546
0.37201 0.44789 0.46402 0.08731 0.47205 0.35448 0.28962 0.23954 0.40783 0.05374 0.32885 0.39275 0.55093 0.58902 0.05150 0.37767 0.00000 0.53341 0.13668 0.27643 0.50410 0.60944 0.15338 0.52610 0.64563 0.43836 0.39420 0.52553 0.60807 0.36335 0.32453 0.18308 0.31337 0.43241 0.23674 0.45536 0.46198 0.46157 0.39548 0.49996 0.22000 0.30688 0.42356 0.39581 0.58610 0.34954 0.14659 0.56763 0.57123 0.28304 0.59094 0.35843 0.67130 0.19552 0.20362 0.01988 0.32492 0.53285 0.58067 0.57570 0.43710 0.41283 0.27412 0.52205 0.46527 0.53943 0.32902 0.58890 0.32842 0.26830 0.41968 0.40140 0.48497 0.67389 0.37240 0.37687 0.28282 0.42068 0.28453 0.15548 0.62077 0.18992 0.73194 0.57215 0.46672 0.58773 0.49132 0.44532 0.50711 0.24942 0.31501 0.09769 0.60585 0.33500 0.24131 0.33229 0.51624 0.17899 0.62217 0.39604 0.28771 0.63597 0.48821 0.36521 0.48744 0.37476 0.49647 0.47658 0.14438 0.24134 0.31831 0.54668 0.26442 0.11078 0.48361 0.68790 0.19342 0.40360 0.12453 0.52827 0.50530 0.20106 0.68943 0.44182 0.71320 0.43476 0.31350 0.37032 0.31867 0.57914 0.27558 0.57873 0.69598 0.40454 0.11873 0.54043 0.27862 0.05973 0.72650 0.28863 0.39957 0.25160 0.26967 0.49258 0.43053 0.23153 0.19376 0.43255 0.55972 0.32824 0.44395 0.43995 0.40628 0.16460 0.33906 0.24191 0.41983 0.58856 0.64353 0.51640 0.36069 0.35517 0.14561 0.01231 0.30467 0.38821 0.26764 0.43583 0.63635 0.51234 0.50438 0.35772 0.23957 0.30949 0.37356 0.49318 0.49058 0.33088 0.38574 0.43886 0.47724 0.42189 0.26840 0.30720 0.21970 0.50381 0.14349 0.45047 0.01699 0.43456 0.06632 0.11195 0.31894 0.46170 0.43060 0.56003 0.28416 0.19522 0.38187 0.27358
0.46659 0.76654 0.76346 0.46624 0.77778 0.64226 0.24920 0.33139 0.32284 0.48153 0.40242 0.76847 0.77212 1.08864 0.55968 0.79752 0.53341 0.00000 0.39673 0.80677 0.90440 0.86000 0.51451 0.71590 1.17814 0.81758 0.79189 0.99488 1.13468 0.85528 0.52559 0.49211 0.84432 0.52544 0.73348 0.52812 0.92487 0.98314 0.88241 0.94479 0.31341 0.73385 0.11540 0.58869 0.79058 0.83571 0.67471 1.09112 1.10241 0.60817 0.96611 0.75841 1.20461 0.46576 0.66755 0.54198 0.36695 0.71500 1.11263 1.10596 0.95839 0.68011 0.25964 0.94522 0.98740 1.05639 0.76872 1.12157 0.35660 0.73513 0.89159 0.58921 0.62400 0.96197 0.41383 0.29687 0.77046 0.54914 0.35597 0.63208 0.83913 0.38395 1.26534 1.08487 0.10282 0.84567 0.68542 0.30478 0.98431 0.50935 0.83791 0.54422 1.13900 0.54114 0.67937 0.61830 0.25191 0.66762 0.97642 0.22750 0.45928 0.98127 0.66520 0.35254 0.96970 0.88638 0.95673 0.85862 0.42193 0.66408 0.83654 0.82447 0.26904 0.42484 1.01670 1.21943 0.72647 0.82672 0.59269 0.99719 1.03092 0.72240 0.94752 0.27899 0.92492 0.60188 0.65442 0.90248 0.33004 0.81457 0.70820 0.73191 1.22939 0.93795 0.43832 0.78224 0.73909 0.52286 1.25973 0.24536 0.46551 0.73377 0.54902 0.88306 0.10649 0.68293 0.72648 0.11344 0.86843 0.51926 0.97692 0.72124 0.13473 0.39901 0.60974 0.56105 0.90754 0.80095 0.94504 1.03942 0.18666 0.85337 0.47926 0.54432 0.81247 0.79520 0.71678 0.88928 0.98464 0.89440 0.92730 0.19951 0.73702 0.37536 0.90498 0.45298 0.24832 0.25090 0.23340 0.66097 1.00662 0.23203 0.79604 0.46777 0.65712 0.32111 0.42843 0.19840 0.52761 0.35280 0.58904 0.63291 0.73748 0.99481 0.49312 0.95005 0.60620 0.42977 0.54770 0.72361
0.32341 0.49566 0.50509 0.08443 0.51640 0.38054 0.15512 0.12894 0.31001 0.08563 0.26004 0.46037 0.56930 0.71232 0.16741 0.46339 0.13668 0.39673 0.00000 0.41159 0.58694 0.64135 0.17650 0.53178 0.78195 0.50975 0.47108 0.63615 0.74205 0.48097 0.30821 0.18084 0.44884 0.39461 0.35406 0.41392 0.56903 0.59317 0.51141 0.60024 0.08333 0.39230 0.28745 0.38855 0.60134 0.46441 0.28003 0.70031 0.70700 0.31658 0.66671 0.43429 0.80794 0.17245 0.30123 0.14609 0.24263 0.53677 0.71678 0.71110 0.56857 0.43725 0.13759 0.61423 0.59712 0.66948 0.42166 0.72528 0.24219 0.37129 0.52950 0.39298 0.46939 0.72142 0.30479 0.27214 0.39662 0.39312 0.19596 0.25723 0.64234 0.10202 0.86861 0.70053 0.33245 0.62108 0.49552 0.34204 0.62081 0.24207 0.44660 0.16951 0.74242 0.32276 0.32753 0.35491 0.40022 0.28943 0.69123 0.27504 0.24761 0.70223 0.48641 0.27731 0.60277 0.50160 0.60293 0.55088 0.08320 0.31941 0.44775 0.58515 0.12777 0.03401 0.62016 0.82385 0.32990 0.49210 0.21762 0.63876 0.63872 0.33104 0.72741 0.33291 0.73693 0.42347 0.35848 0.50644 0.22171 0.60421 0.36174 0.57616 0.83266 0.54122 0.07395 0.56535 0.37889 0.13601 0.86310 0.15218 0.34664 0.36176 0.27782 0.57088 0.29420 0.32417 0.33004 0.29706 0.60980 0.30838 0.58044 0.47241 0.27057 0.08215 0.35588 0.26464 0.53650 0.60662 0.69457 0.64877 0.22682 0.47567 0.14297 0.14767 0.42885 0.46905 0.36162 0.53813 0.70370 0.58833 0.59597 0.22610 0.35734 0.23032 0.50935 0.42324 0.37484 0.20808 0.26543 0.44814 0.61224 0.30333 0.40218 0.26855 0.30373 0.40110 0.08996 0.32671 0.13158 0.34355 0.19484 0.24032 0.40111 0.59826 0.38192 0.64044 0.31636 0.14661 0.36191 0.36815
0.53591 0.42501 0.54372 0.35692 0.45027 0.48651 0.56586 0.49185 0.66652 0.33007 0.57196 0.34112 0.65685 0.41157 0.24741 0.38111 0.27643 0.80677 0.41159 0.00000 0.38041 0.68283 0.32723 0.65651 0.38538 0.45964 0.41485 0.41005 0.36996 0.26337 0.45678 0.40698 0.10666 0.56868 0.13024 0.65850 0.27495 0.25440 0.29102 0.42581 0.49445 0.24919 0.69442 0.56592 0.60189 0.16725 0.13207 0.34116 0.31946 0.35394 0.57051 0.39374 0.40509 0.43079 0.27219 0.26550 0.53847 0.57962 0.30599 0.32743 0.16728 0.44864 0.54902 0.46860 0.25568 0.27076 0.23722 0.32906 0.54565 0.18421 0.33231 0.57199 0.65225 0.70791 0.56070 0.60854 0.24137 0.61204 0.54477 0.20291 0.71199 0.43676 0.46239 0.37111 0.73310 0.66124 0.62908 0.70647 0.29068 0.39912 0.15379 0.30782 0.34214 0.52342 0.30943 0.39966 0.78459 0.23656 0.61388 0.66877 0.51369 0.63251 0.55407 0.57892 0.36083 0.12943 0.40197 0.48141 0.39235 0.32733 0.07431 0.52126 0.53891 0.38205 0.21286 0.43109 0.08701 0.29145 0.23282 0.41279 0.27874 0.09196 0.74152 0.70690 0.79065 0.52868 0.42768 0.09704 0.58122 0.66931 0.23677 0.71550 0.42704 0.14244 0.38893 0.63638 0.19533 0.28567 0.46058 0.56366 0.56377 0.15721 0.38841 0.48369 0.70208 0.29097 0.10526 0.70181 0.60382 0.46431 0.17297 0.45195 0.67629 0.41582 0.41394 0.35363 0.30441 0.59830 0.67366 0.29659 0.63709 0.14555 0.35147 0.26471 0.20087 0.30366 0.21259 0.37074 0.63025 0.40516 0.45626 0.63406 0.12783 0.56188 0.09841 0.72343 0.75912 0.60512 0.63484 0.57766 0.20082 0.66692 0.02090 0.47463 0.30717 0.76279 0.40957 0.72394 0.28564 0.68697 0.21774 0.17483 0.26320 0.19139 0.64436 0.53255 0.35684 0.41235 0.57027 0.30070
0.46785 0.16591 0.90708 0.58592 0.17337 0.82706 0.72185 0.58226 0.89607 0.54383 0.83002 0.13593 1.01404 0.75451 0.45268 0.75662 0.50410 0.90440 0.58694 0.38041 0.00000 1.05127 0.41410 1.00320 0.61449 0.83465 0.78853 0.78174 0.65334 0.64347 0.38867 0.68572 0.48242 0.44670 0.29334 0.95844 0.13441 0.59848 0.67007 0.80467 0.64683 0.19773 0.79219 0.88858 0.30685 0.21335 0.40569 0.64782 0.58839 0.29638 0.95090 0.76330 0.60723 0.69961 0.61910 0.48436 0.54391 0.33074 0.48771 0.60172 0.33175 0.25532 0.69348 0.84854 0.59755 0.34669 0.17645 0.57463 0.55431 0.24229 0.71185 0.89450 0.97859 1.08502 0.51806 0.62205 0.61661 0.92100 0.77693 0.34875 1.07553 0.53875 0.63428 0.70038 0.80650 1.02926 0.97156 0.92896 0.18309 0.39519 0.53300 0.58888 0.57139 0.83277 0.66219 0.29092 0.98323 0.57995 0.99412 0.85684 0.79180 1.01263 0.34107 0.56989 0.73216 0.27973 0.77864 0.85937 0.51719 0.67554 0.31116 0.20285 0.68242 0.55367 0.46288 0.66010 0.42273 0.10167 0.38142 0.78434 0.59873 0.35947 1.11587 0.91948 1.15957 0.36622 0.77310 0.40544 0.80666 1.03241 0.22915 1.06027 0.61071 0.45486 0.61307 0.99679 0.23004 0.46350 0.65088 0.70647 0.48403 0.26691 0.35541 0.86306 0.80204 0.64440 0.45514 0.79131 0.97778 0.39643 0.44272 0.22246 0.77294 0.53440 0.30235 0.34546 0.68143 0.29716 1.05097 0.62029 0.78778 0.23975 0.45083 0.49357 0.58104 0.11799 0.23688 0.75099 1.01046 0.03403 0.83652 0.79454 0.29245 0.80686 0.39578 0.99567 0.95840 0.79057 0.67756 0.91825 0.40345 0.69312 0.36320 0.44285 0.65220 0.98804 0.63992 0.90401 0.52082 0.92776 0.44424 0.40955 0.18695 0.45412 0.93459 0.91295 0.29827 0.48365 0.88070 0.66572
0.96169 1.04199 0.14693 0.57192 1.06755 0.26127 0.67410 0.76427 0.53922 0.60527 0.46265 0.97255 0.08874 0.54797 0.65195 0.30492 0.60944 0.86000 0.64135 0.68283 1.05127 0.00000 0.76164 0.14784 0.79124 0.22826 0.26944 0.41912 0.69889 0.44844 0.92951 0.46062 0.60126 1.02984 0.75956 0.33967 0.95748 0.58777 0.43777 0.34771 0.67333 0.87510 0.80938 0.27519 1.19323 0.84494 0.65112 0.65234 0.72196 0.89040 0.21935 0.28931 0.83384 0.47068 0.43572 0.62639 0.88318 1.14218 0.83036 0.71344 0.81393 1.01963 0.69137 0.30262 0.59256 0.89828 0.88249 0.75792 0.88185 0.81540 0.40115 0.27355 0.24183 0.10718 0.94613 0.89951 0.44190 0.31112 0.52451 0.73450 0.04886 0.74303 0.89352 0.59513 0.86588 0.02214 0.17491 0.56532 0.97051 0.85513 0.54937 0.51243 0.78250 0.33389 0.39167 0.94079 0.64763 0.47446 0.19018 0.63276 0.42181 0.17976 1.09755 0.91549 0.44424 0.80885 0.38533 0.22163 0.71355 0.38153 0.75712 1.14359 0.69158 0.65156 0.74751 0.80271 0.62859 0.95269 0.71991 0.41887 0.63370 0.69227 0.08885 0.58880 0.10830 1.04257 0.29595 0.70612 0.53911 0.04607 0.84786 0.15997 0.86499 0.68577 0.56875 0.07920 0.82849 0.66887 0.86869 0.69638 0.98639 0.78793 0.87870 0.23416 0.80872 0.40864 0.59635 0.82605 0.09361 0.93210 0.72906 1.04327 0.80429 0.72092 0.94820 0.85131 0.44364 1.19481 0.10463 0.62188 0.69802 0.82767 0.74650 0.61386 0.49097 0.95176 0.83044 0.35885 0.18575 1.07037 0.29882 0.67907 0.76004 0.49476 0.71658 0.43716 0.63633 0.62513 0.87062 0.20352 0.79261 0.90726 0.69600 0.90184 0.40548 0.57613 0.55178 0.66590 0.59452 0.51543 0.64275 0.66048 0.88973 0.73468 0.37085 0.24049 0.89179 0.77884 0.31480 0.38569
0.22825 0.32019 0.61683 0.20214 0.34175 0.50420 0.30874 0.18323 0.48618 0.16164 0.43287 0.28469 0.70045 0.70358 0.12145 0.52688 0.15338 0.51451 0.17650 0.32723 0.41410 0.76164 0.00000 0.67203 0.71249 0.59039 0.54552 0.65760 0.69322 0.49213 0.17178 0.31807 0.40180 0.28241 0.22567 0.57942 0.41241 0.56027 0.52513 0.64058 0.23300 0.22505 0.39913 0.53581 0.43981 0.32172 0.20834 0.65938 0.64599 0.14255 0.74119 0.51026 0.73072 0.32177 0.35266 0.13873 0.21137 0.38246 0.62460 0.65329 0.45595 0.26913 0.28148 0.66690 0.56301 0.54850 0.25794 0.65627 0.21843 0.22068 0.55471 0.54102 0.62260 0.82728 0.24051 0.28213 0.41880 0.55190 0.37185 0.12700 0.77128 0.13133 0.78565 0.67669 0.42699 0.74005 0.63651 0.51710 0.47029 0.09690 0.42055 0.24924 0.66887 0.47186 0.39259 0.18640 0.56913 0.32310 0.77377 0.44274 0.40943 0.78800 0.33625 0.25206 0.61536 0.37897 0.63271 0.62784 0.10319 0.39401 0.33595 0.41259 0.27032 0.14536 0.53804 0.75832 0.26936 0.32333 0.09460 0.66042 0.59579 0.23530 0.84242 0.50637 0.86440 0.28146 0.46599 0.42293 0.39820 0.73017 0.19670 0.72228 0.75104 0.46943 0.22029 0.69127 0.22464 0.09371 0.78602 0.29509 0.25671 0.22121 0.11723 0.64278 0.40825 0.38135 0.28702 0.40235 0.71310 0.17601 0.49866 0.30111 0.37978 0.12178 0.19072 0.09362 0.54793 0.44346 0.79689 0.61071 0.37665 0.34139 0.03713 0.15119 0.42700 0.29706 0.20284 0.57623 0.78820 0.41343 0.64971 0.38193 0.22929 0.40512 0.42228 0.59787 0.54431 0.37651 0.31451 0.58515 0.51410 0.34368 0.31092 0.16252 0.37181 0.57589 0.24628 0.49040 0.16740 0.52004 0.14534 0.16559 0.23160 0.51714 0.54995 0.70914 0.14277 0.08870 0.51618 0.42163
0.85519 0.97198 0.14040 0.47267 0.99670 0.17628 0.54275 0.64758 0.39372 0.51082 0.32477 0.90983 0.05969 0.61581 0.57375 0.31433 0.52610 0.71590 0.53178 0.65651 1.00320 0.14784 0.67203 0.00000 0.83629 0.25746 0.27964 0.48498 0.74994 0.46237 0.83289 0.35631 0.59299 0.92606 0.71031 0.19202 0.92427 0.61854 0.46225 0.41122 0.55157 0.81571 0.67121 0.14489 1.11103 0.80761 0.59752 0.70072 0.76087 0.80869 0.32663 0.28093 0.87759 0.35961 0.38775 0.54487 0.76855 1.05428 0.85370 0.75471 0.80562 0.93836 0.56291 0.37687 0.62370 0.89907 0.82867 0.79531 0.76606 0.76161 0.43465 0.14136 0.09405 0.25453 0.83406 0.77657 0.42838 0.16742 0.39129 0.66717 0.12347 0.63351 0.94058 0.65254 0.72728 0.13843 0.03627 0.41835 0.94697 0.76058 0.54542 0.42910 0.81983 0.21004 0.34755 0.85685 0.49984 0.42627 0.31233 0.48954 0.29434 0.30796 1.00690 0.79788 0.49655 0.78588 0.44513 0.27487 0.60979 0.33107 0.72952 1.07194 0.56444 0.54742 0.76170 0.85546 0.58839 0.90207 0.64585 0.48556 0.66959 0.64625 0.23255 0.44222 0.21378 0.94798 0.23107 0.69933 0.40140 0.10184 0.78630 0.05918 0.90895 0.69013 0.46300 0.08031 0.77428 0.58310 0.91889 0.56630 0.87814 0.73629 0.78868 0.29722 0.66985 0.36602 0.55852 0.68808 0.19298 0.83443 0.73662 0.96605 0.66753 0.61360 0.86240 0.76480 0.47555 1.11397 0.24627 0.66206 0.55992 0.79576 0.65158 0.53288 0.48617 0.89570 0.77192 0.39881 0.31323 1.01835 0.36654 0.54047 0.71146 0.35866 0.70904 0.28973 0.48882 0.48737 0.74228 0.08724 0.79785 0.77781 0.66591 0.79900 0.35327 0.42829 0.44220 0.52021 0.50977 0.36845 0.57089 0.59727 0.82964 0.74564 0.22411 0.33380 0.80967 0.67556 0.17944 0.35869
