50 0
0.00000 0.79175 0.14751 0.64678 0.79158 0.62907 0.23598 0.37922 0.64863 0.25449 0.09359 0.54265 1.04255 0.24488 0.67304 0.70049 0.60926 0.07191 0.71282 0.34519 0.35548 0.50906 0.11976 0.89721 0.58001 0.98404 0.56746 0.36845 0.81759 0.89150 0.87379 0.02052 0.86269 0.71940 0.60782 1.15980 0.58337 0.42097 0.63573 0.78925 0.49915 0.76382 0.64565 0.98496 0.55642 0.29515 0.06472 0.52617 0.06519 0.51681
0.79175 0.00000 0.67034 0.19870 0.52601 0.47660 0.55778 0.63895 0.55836 0.56402 0.72736 0.50409 0.25096 0.55570 0.31986 0.21812 0.37606 0.72661 0.07945 0.63440 0.53682 0.30219 0.81253 0.38167 0.59162 0.19895 0.27663 0.45020 0.66552 0.28358 0.61770 0.77225 0.30412 0.07373 0.57295 0.37384 0.30093 0.59188 0.28162 0.16068 0.41989 0.51201 0.15423 0.28845 0.30107 0.69696 0.77090 0.48563 0.85578 0.28914
0.14751 0.67034 0.00000 0.54687 0.75464 0.48246 0.12015 0.24783 0.62866 0.20463 0.05974 0.39691 0.92080 0.11510 0.60055 0.60895 0.46224 0.12200 0.59315 0.35727 0.20827 0.40956 0.14415 0.82523 0.57199 0.85679 0.47547 0.29062 0.80590 0.74870 0.84676 0.12766 0.78073 0.60029 0.46655 1.03125 0.44094 0.41754 0.49270 0.68899 0.35208 0.61764 0.51928 0.88759 0.47003 0.18152 0.17148 0.37952 0.20989 0.41373
0.64678 0.19870 0.54687 0.00000 0.37426 0.51823 0.42706 0.58767 0.37166 0.40013 0.59791 0.51106 0.42251 0.43403 0.14693 0.07445 0.41338 0.57696 0.13759 0.44298 0.46969 0.13828 0.69069 0.31365 0.39650 0.39077 0.08534 0.28213 0.50252 0.45302 0.47576 0.62888 0.25025 0.13751 0.59907 0.55953 0.31690 0.39514 0.33123 0.14279 0.40368 0.59762 0.16712 0.34082 0.10640 0.62076 0.61502 0.48616 0.70759 0.13315
0.79158 0.52601 0.75464 0.37426 0.00000 0.88221 0.64695 0.88772 0.15827 0.55278 0.78539 0.86052 0.64594 0.66794 0.22796 0.31691 0.78003 0.72231 0.49675 0.46012 0.76769 0.42653 0.87976 0.22671 0.23840 0.66288 0.36600 0.47265 0.14283 0.80772 0.10393 0.78051 0.27082 0.49332 0.95379 0.78923 0.68299 0.37989 0.70346 0.37096 0.74896 0.97050 0.54138 0.42672 0.35014 0.88963 0.73634 0.83380 0.83494 0.43676
0.62907 0.47660 0.48246 0.51823 0.88221 0.00000 0.44293 0.28392 0.83206 0.54395 0.53630 0.08892 0.66559 0.41780 0.65693 0.58943 0.10573 0.59748 0.44082 0.70728 0.27451 0.46401 0.57610 0.82055 0.81856 0.57792 0.51703 0.50460 0.99469 0.35902 0.98594 0.60972 0.74749 0.44818 0.09972 0.71996 0.20133 0.72014 0.19783 0.60244 0.15849 0.13577 0.36289 0.76485 0.53546 0.37813 0.64988 0.10295 0.68835 0.45092
0.23598 0.55778 0.12015 0.42706 0.64695 0.44293 0.00000 0.27659 0.53085 0.12139 0.17179 0.36717 0.80874 0.02899 0.48262 0.48880 0.39826 0.17758 0.47945 0.29485 0.18419 0.28950 0.26364 0.70663 0.48242 0.74847 0.35537 0.17580 0.70952 0.66237 0.74245 0.21593 0.66092 0.48630 0.45233 0.92407 0.35607 0.33825 0.40888 0.56942 0.29248 0.57767 0.40997 0.76786 0.35038 0.24875 0.22827 0.34412 0.30098 0.29400
0.37922 0.63895 0.24783 0.58767 0.88772 0.28392 0.27659 0.00000 0.79089 0.39798 0.28711 0.19652 0.87161 0.24803 0.69019 0.66097 0.31289 0.36952 0.57526 0.57098 0.12093 0.47418 0.30263 0.89860 0.75104 0.79250 0.54400 0.42463 0.96851 0.61861 0.98861 0.36259 0.83792 0.58333 0.23565 0.95466 0.34564 0.61348 0.38413 0.71374 0.22428 0.40788 0.48874 0.90541 0.55060 0.09585 0.41702 0.19329 0.43012 0.46936
0.64863 0.55836 0.62866 0.37166 0.15827 0.83206 0.53085 0.79089 0.00000 0.42403 0.65253 0.79567 0.72768 0.55514 0.23941 0.34099 0.73676 0.58172 0.50849 0.30862 0.67485 0.36908 0.74436 0.35482 0.08014 0.72633 0.32800 0.36627 0.17870 0.82467 0.22558 0.63932 0.37370 0.50750 0.89114 0.87307 0.64270 0.22915 0.67368 0.42528 0.68508 0.93644 0.52855 0.53647 0.30473 0.77911 0.59047 0.76832 0.68768 0.38329
0.25449 0.56402 0.20463 0.40013 0.55278 0.54395 0.12139 0.39798 0.42403 0.00000 0.23282 0.47518 0.81112 0.15011 0.41868 0.44877 0.48406 0.18264 0.48474 0.17397 0.30143 0.26618 0.32794 0.64323 0.36874 0.76192 0.31762 0.11801 0.60140 0.71632 0.64300 0.23914 0.60831 0.49030 0.56463 0.93765 0.42318 0.21879 0.47432 0.54088 0.38708 0.67554 0.43162 0.73390 0.30431 0.36484 0.21554 0.45029 0.31105 0.27687
0.09359 0.72736 0.05974 0.59791 0.78539 0.53630 0.17179 0.28711 0.65253 0.23282 0.00000 0.44948 0.97809 0.17174 0.64306 0.65765 0.52027 0.09423 0.64966 0.36556 0.26371 0.45984 0.09602 0.86832 0.59093 0.91513 0.52375 0.33224 0.82753 0.80830 0.87424 0.07570 0.82693 0.65668 0.51430 1.08988 0.50063 0.43303 0.55232 0.74053 0.41017 0.67075 0.57716 0.93865 0.51646 0.20730 0.13297 0.43350 0.15253 0.46514
0.54265 0.50409 0.39691 0.51106 0.86052 0.08892 0.36717 0.19652 0.79567 0.47518 0.44948 0.00000 0.71403 0.34053 0.64077 0.58483 0.13459 0.51402 0.45592 0.64374 0.19070 0.43480 0.48727 0.82195 0.77446 0.62929 0.49526 0.45058 0.96443 0.43039 0.96440 0.52356 0.75229 0.46379 0.09563 0.78121 0.20601 0.66415 0.22457 0.61248 0.11168 0.22130 0.37151 0.78813 0.51041 0.28978 0.56604 0.02737 0.60107 0.42385
1.04255 0.25096 0.92080 0.42251 0.64594 0.66559 0.80874 0.87161 0.72768 0.81112 0.97809 0.71403 0.00000 0.80638 0.49727 0.40617 0.57956 0.97696 0.32973 0.86499 0.77784 0.54583 1.06241 0.43656 0.77911 0.09009 0.50745 0.69517 0.78767 0.34839 0.71405 1.02311 0.37600 0.32325 0.76530 0.14539 0.52606 0.81262 0.49212 0.30816 0.64768 0.65697 0.40215 0.24283 0.52879 0.93743 1.02052 0.70057 1.10644 0.53435
0.24488 0.55570 0.11510 0.43403 0.66794 0.41780 0.02899 0.24803 0.55514 0.15011 0.17174 0.34053 0.80638 0.00000 0.49744 0.49817 0.37723 0.19220 0.47824 0.32375 0.15577 0.29800 0.25892 0.72021 0.50849 0.74367 0.36576 0.19540 0.73384 0.64807 0.76454 0.22445 0.67216 0.48534 0.42457 0.91869 0.34044 0.36606 0.39314 0.57553 0.26985 0.55298 0.40550 0.77430 0.36268 0.22399 0.24425 0.31801 0.31004 0.30099
0.67304 0.31986 0.60055 0.14693 0.22796 0.65693 0.48262 0.69019 0.23941 0.41868 0.64306 0.64077 0.49727 0.49744 0.00000 0.10182 0.55366 0.60114 0.27643 0.40037 0.56934 0.21620 0.73895 0.22529 0.28232 0.48878 0.14781 0.31087 0.35614 0.59258 0.33049 0.65780 0.19344 0.27425 0.73225 0.64188 0.45656 0.33322 0.47560 0.18974 0.53015 0.74260 0.31388 0.34008 0.13973 0.70730 0.62938 0.61464 0.72758 0.22260
0.70049 0.21812 0.60895 0.07445 0.31691 0.58943 0.48880 0.66097 0.34099 0.44877 0.65765 0.58483 0.40617 0.49817 0.10182 0.00000 0.48406 0.62949 0.17986 0.46633 0.54234 0.20023 0.75184 0.23922 0.37978 0.39041 0.13394 0.33216 0.45207 0.49352 0.41514 0.68342 0.17756 0.17663 0.67203 0.54900 0.38836 0.40833 0.39894 0.10044 0.47795 0.66341 0.23147 0.28516 0.14446 0.69149 0.66421 0.56013 0.75937 0.19885
0.60926 0.37606 0.46224 0.41338 0.78003 0.10573 0.39826 0.31289 0.73676 0.48406 0.52027 0.13459 0.57956 0.37723 0.55366 0.48406 0.00000 0.56712 0.33615 0.63726 0.25990 0.36768 0.57597 0.71483 0.72842 0.49471 0.41644 0.42706 0.89563 0.30603 0.88352 0.58903 0.64189 0.34364 0.19732 0.64806 0.09710 0.64127 0.09456 0.49725 0.11015 0.20242 0.25721 0.66326 0.43615 0.39750 0.61978 0.12405 0.67211 0.35361
0.07191 0.72661 0.12200 0.57696 0.72231 0.59748 0.17758 0.36952 0.58172 0.18264 0.09423 0.51402 0.97696 0.19220 0.60114 0.62949 0.56712 0.00000 0.64738 0.28308 0.32346 0.43974 0.16747 0.82532 0.51524 0.92071 0.49681 0.29734 0.75296 0.83956 0.80625 0.05827 0.79092 0.65374 0.58712 1.09674 0.53241 0.35598 0.58517 0.71915 0.45803 0.73320 0.58308 0.91424 0.48525 0.29728 0.05274 0.49492 0.13070 0.44810
0.71282 0.07945 0.59315 0.13759 0.49675 0.44082 0.47945 0.57526 0.50849 0.48474 0.64966 0.45592 0.32973 0.47824 0.27643 0.17986 0.33615 0.64738 0.00000 0.55975 0.46829 0.22441 0.73596 0.38548 0.53380 0.27748 0.20599 0.37147 0.63128 0.31669 0.59418 0.69341 0.30985 0.00810 0.53269 0.45294 0.24991 0.52104 0.24310 0.16244 0.36248 0.49621 0.08692 0.33368 0.23143 0.62789 0.69149 0.43495 0.77672 0.21080
0.34519 0.63440 0.35727 0.44298 0.46012 0.70728 0.29485 0.57098 0.30862 0.17397 0.36556 0.64374 0.86499 0.32375 0.40037 0.46633 0.63726 0.28308 0.55975 0.00000 0.47500 0.33868 0.45021 0.60584 0.23595 0.83172 0.35923 0.21421 0.47286 0.83412 0.53395 0.33838 0.59156 0.56331 0.73519 1.00238 0.56395 0.08022 0.61137 0.56656 0.54884 0.83512 0.52961 0.73970 0.33660 0.53107 0.28430 0.61799 0.37991 0.35419
0.35548 0.53682 0.20827 0.46969 0.76769 0.27451 0.18419 0.12093 0.67485 0.30143 0.26371 0.19070 0.77784 0.15577 0.56934 0.54234 0.25990 0.32346 0.46829 0.47500 0.00000 0.35344 0.31627 0.77905 0.63895 0.70348 0.42343 0.30965 0.85155 0.55877 0.86903 0.33584 0.71971 0.47627 0.26970 0.87184 0.26042 0.50872 0.30741 0.59932 0.15158 0.41003 0.38344 0.79371 0.42971 0.16015 0.37565 0.17167 0.41624 0.34896
0.50906 0.30219 0.40956 0.13828 0.42653 0.46401 0.28950 0.47418 0.36908 0.26618 0.45984 0.43480 0.54583 0.29800 0.21620 0.20023 0.36768 0.43974 0.22441 0.33868 0.35344 0.00000 0.55306 0.42874 0.36488 0.50114 0.07056 0.14935 0.53128 0.50125 0.53021 0.49097 0.37561 0.22897 0.52899 0.67559 0.27424 0.31001 0.30889 0.28107 0.32312 0.56792 0.19268 0.47883 0.07754 0.49554 0.47929 0.40786 0.57044 0.01649
0.11976 0.81253 0.14415 0.69069 0.87976 0.57610 0.26364 0.30263 0.74436 0.32794 0.09602 0.48727 1.06241 0.25892 0.73895 0.75184 0.57597 0.16747 0.73596 0.45021 0.31627 0.55306 0.00000 0.96419 0.68041 0.99634 0.61807 0.42809 0.91781 0.87359 0.96730 0.11716 0.92214 0.74321 0.53818 1.16977 0.56930 0.52147 0.61931 0.83297 0.46773 0.70648 0.66033 1.03148 0.61149 0.20865 0.18300 0.47576 0.14172 0.55760
0.89721 0.38167 0.82523 0.31365 0.22671 0.82055 0.70663 0.89860 0.35482 0.64323 0.86832 0.82195 0.43656 0.72021 0.22529 0.23922 0.71483 0.82532 0.38548 0.60584 0.77905 0.42874 0.96419 0.00000 0.42797 0.46990 0.35825 0.53610 0.36044 0.66018 0.27880 0.88233 0.07756 0.37917 0.90699 0.57521 0.62147 0.53069 0.62509 0.22500 0.71643 0.88160 0.45773 0.20347 0.35788 0.92428 0.85171 0.79778 0.95048 0.43099
0.58001 0.59162 0.57199 0.39650 0.23840 0.81856 0.48242 0.75104 0.08014 0.36874 0.59093 0.77446 0.77911 0.50849 0.28232 0.37978 0.72842 0.51524 0.53380 0.23595 0.63895 0.36488 0.68041 0.42797 0.00000 0.77003 0.33795 0.32998 0.23774 0.84577 0.30007 0.57199 0.43927 0.53400 0.87003 0.92399 0.63781 0.15928 0.67377 0.47205 0.66617 0.93037 0.54121 0.60111 0.31258 0.73097 0.52005 0.74715 0.61581 0.38055
0.98404 0.19895 0.85679 0.39077 0.66288 0.57792 0.74847 0.79250 0.72633 0.76192 0.91513 0.62929 0.09009 0.74367 0.48878 0.39041 0.49471 0.92071 0.27748 0.83172 0.70348 0.50114 0.99634 0.46990 0.77003 0.00000 0.47268 0.64892 0.80571 0.25939 0.74037 0.96420 0.40079 0.27238 0.67756 0.17612 0.44723 0.78589 0.40993 0.30120 0.56822 0.56688 0.33851 0.29519 0.49616 0.86195 0.96632 0.61701 1.04864 0.48801
0.56746 0.27663 0.47547 0.08534 0.36600 0.51703 0.35537 0.54400 0.32800 0.31762 0.52375 0.49526 0.50745 0.36576 0.14781 0.13394 0.41644 0.49681 0.20599 0.35923 0.42343 0.07056 0.61807 0.35825 0.33795 0.47268 0.00000 0.19995 0.47947 0.50917 0.46992 0.55013 0.30648 0.20825 0.58797 0.64330 0.32006 0.31555 0.34691 0.22329 0.38403 0.61219 0.20331 0.41751 0.02591 0.56605 0.53308 0.46879 0.62709 0.07495
0.36845 0.45020 0.29062 0.28213 0.47265 0.50460 0.17580 0.42463 0.36627 0.11801 0.33224 0.45058 0.69517 0.19540 0.31087 0.33216 0.42706 0.29734 0.37147 0.21421 0.30965 0.14935 0.42809 0.53610 0.32998 0.64892 0.19995 0.00000 0.54416 0.62378 0.56999 0.35169 0.49604 0.37657 0.54537 0.82400 0.35021 0.21557 0.39718 0.42307 0.34709 0.62762 0.32608 0.61702 0.18797 0.41745 0.33320 0.42362 0.42731 0.16122
0.81759 0.66552 0.80590 0.50252 0.14283 0.99469 0.70952 0.96851 0.17870 0.60140 0.82753 0.96443 0.78767 0.73384 0.35614 0.45207 0.89563 0.75296 0.63128 0.47286 0.85155 0.53128 0.91781 0.36044 0.23774 0.80571 0.47947 0.54416 0.00000 0.94535 0.10030 0.80972 0.41181 0.62848 1.05936 0.93028 0.79950 0.39701 0.82496 0.51266 0.85300 1.09130 0.66842 0.56351 0.45955 0.95781 0.75716 0.93723 0.85201 0.54387
0.89150 0.28358 0.74870 0.45302 0.80772 0.35902 0.66237 0.61861 0.82467 0.71632 0.80830 0.43039 0.34839 0.64807 0.59258 0.49352 0.30603 0.83956 0.31669 0.83412 0.55877 0.50125 0.87359 0.66018 0.84577 0.25939 0.50917 0.62378 0.94535 0.00000 0.90097 0.87099 0.58320 0.31841 0.45403 0.36839 0.30815 0.81125 0.25601 0.44394 0.40773 0.31635 0.30936 0.52667 0.53500 0.70317 0.89064 0.42678 0.95624 0.48487
0.87379 0.61770 0.84676 0.47576 0.10393 0.98594 0.74245 0.98861 0.22558 0.64300 0.87424 0.96440 0.71405 0.76454 0.33049 0.41514 0.88352 0.80625 0.59418 0.53395 0.86903 0.53021 0.96730 0.27880 0.30007 0.74037 0.46992 0.56999 0.10030 0.90097 0.00000 0.86407 0.34007 0.59026 1.05772 0.85388 0.78644 0.45471 0.80603 0.45902 0.85282 1.07295 0.64268 0.48162 0.45400 0.98744 0.81600 0.93766 0.91326 0.54060
0.02052 0.77225 0.12766 0.62888 0.78051 0.60972 0.21593 0.36259 0.63932 0.23914 0.07570 0.52356 1.02311 0.22445 0.65780 0.68342 0.58903 0.05827 0.69341 0.33838 0.33584 0.49097 0.11716 0.88233 0.57199 0.96420 0.55013 0.35169 0.80972 0.87099 0.86407 0.00000 0.84675 0.70003 0.58980 1.13990 0.56285 0.41273 0.61522 0.77148 0.47895 0.74463 0.62576 0.96760 0.53958 0.28045 0.06684 0.50679 0.08559 0.49845
0.86269 0.30412 0.78073 0.25025 0.27082 0.74749 0.66092 0.83792 0.37370 0.60831 0.82693 0.75229 0.37600 0.67216 0.19344 0.17756 0.64189 0.79092 0.30985 0.59156 0.71971 0.37561 0.92214 0.07756 0.43927 0.40079 0.30648 0.49604 0.41181 0.58320 0.34007 0.84675 0.00000 0.30330 0.83556 0.51856 0.54980 0.52093 0.55104 0.14821 0.64870 0.80546 0.38473 0.16277 0.31075 0.86893 0.82112 0.72872 0.91871 0.37558
0.71940 0.07373 0.60029 0.13751 0.49332 0.44818 0.48630 0.58333 0.50750 0.49030 0.65668 0.46379 0.32325 0.48534 0.27425 0.17663 0.34364 0.65374 0.00810 0.56331 0.47627 0.22897 0.74321 0.37917 0.53400 0.27238 0.20825 0.37657 0.62848 0.31841 0.59026 0.70003 0.30330 0.00000 0.54029 0.44754 0.25778 0.52363 0.25040 0.15561 0.37054 0.50243 0.09502 0.32563 0.23351 0.63582 0.69763 0.44289 0.78321 0.21564
0.60782 0.57295 0.46655 0.59907 0.95379 0.09972 0.45233 0.23565 0.89114 0.56463 0.51430 0.09563 0.76530 0.42457 0.73225 0.67203 0.19732 0.58712 0.53269 0.73519 0.26970 0.52899 0.53818 0.90699 0.87003 0.67756 0.58797 0.54537 1.05936 0.45403 1.05772 0.58980 0.83556 0.54029 0.00000 0.81787 0.28576 0.75813 0.29182 0.69270 0.20638 0.18065 0.45144 0.86051 0.60394 0.33097 0.63790 0.12299 0.66238 0.51759
1.15980 0.37384 1.03125 0.55953 0.78923 0.71996 0.92407 0.95466 0.87307 0.93765 1.08988 0.78121 0.14539 0.91869 0.64188 0.54900 0.64806 1.09674 0.45294 1.00238 0.87184 0.67559 1.16977 0.57521 0.92399 0.17612 0.64330 0.82400 0.93028 0.36839 0.85388 1.13990 0.51856 0.44754 0.81787 0.00000 0.61251 0.95294 0.57060 0.45233 0.73137 0.68391 0.51415 0.37488 0.66583 1.02853 1.14244 0.77205 1.22448 0.66286
0.58337 0.30093 0.44094 0.31690 0.68299 0.20133 0.35607 0.34564 0.64270 0.42318 0.50063 0.20601 0.52606 0.34044 0.45656 0.38836 0.09710 0.53241 0.24991 0.56395 0.26042 0.27424 0.56930 0.62147 0.63781 0.44723 0.32006 0.35021 0.79950 0.30815 0.78644 0.56285 0.54980 0.25778 0.28576 0.61251 0.00000 0.56012 0.05280 0.40760 0.12167 0.29377 0.16617 0.58245 0.34037 0.41603 0.58398 0.18557 0.64809 0.25952
0.42097 0.59188 0.41754 0.39514 0.37989 0.72014 0.33825 0.61348 0.22915 0.21879 0.43303 0.66415 0.81262 0.36606 0.33322 0.40833 0.64127 0.35598 0.52104 0.08022 0.50872 0.31001 0.52147 0.53069 0.15928 0.78589 0.31555 0.21557 0.39701 0.81125 0.45471 0.41273 0.52093 0.52363 0.75813 0.95294 0.56012 0.00000 0.60392 0.50865 0.56242 0.84261 0.50245 0.67323 0.29082 0.58360 0.36172 0.63747 0.45856 0.32637
0.63573 0.28162 0.49270 0.33123 0.70346 0.19783 0.40888 0.38413 0.67368 0.47432 0.55232 0.22457 0.49212 0.39314 0.47560 0.39894 0.09456 0.58517 0.24310 0.61137 0.30741 0.30889 0.61931 0.62509 0.67377 0.40993 0.34691 0.39718 0.82496 0.25601 0.80603 0.61522 0.55104 0.25040 0.29182 0.57060 0.05280 0.60392 0.00000 0.40507 0.16108 0.26706 0.16820 0.56871 0.36915 0.45965 0.63676 0.20895 0.70037 0.29327
0.78925 0.16068 0.68899 0.14279 0.37096 0.60244 0.56942 0.71374 0.42528 0.54088 0.74053 0.61248 0.30816 0.57553 0.18974 0.10044 0.49725 0.71915 0.16244 0.56656 0.59932 0.28107 0.83297 0.22500 0.47205 0.30120 0.22329 0.42307 0.51266 0.44394 0.45902 0.77148 0.14821 0.15561 0.69270 0.45233 0.40760 0.50865 0.40507 0.00000 0.51290 0.65732 0.24144 0.19880 0.23883 0.75460 0.75626 0.59004 0.84968 0.27544
0.49915 0.41989 0.35208 0.40368 0.74896 0.15849 0.29248 0.22428 0.68508 0.38708 0.41017 0.11168 0.64768 0.26985 0.53015 0.47795 0.11015 0.45803 0.36248 0.54884 0.15158 0.32312 0.46773 0.71643 0.66617 0.56822 0.38403 0.34709 0.85300 0.40773 0.85282 0.47895 0.64870 0.37054 0.20638 0.73137 0.12167 0.56242 0.16108 0.51290 0.00000 0.28848 0.27581 0.69609 0.39882 0.29883 0.51076 0.08484 0.56196 0.31223
0.76382 0.51201 0.61764 0.59762 0.97050 0.13577 0.57767 0.40788 0.93644 0.67554 0.67075 0.22130 0.65697 0.55298 0.74260 0.66341 0.20242 0.73320 0.49621 0.83512 0.41003 0.56792 0.70648 0.88160 0.93037 0.56688 0.61219 0.62762 1.09130 0.31635 1.07295 0.74463 0.80546 0.50243 0.18065 0.68391 0.29377 0.84261 0.26706 0.65732 0.28848 0.00000 0.43202 0.79603 0.63339 0.50363 0.78556 0.23836 0.82236 0.55329
0.64565 0.15423 0.51928 0.16712 0.54138 0.36289 0.40997 0.48874 0.52855 0.43162 0.57716 0.37151 0.40215 0.40550 0.31388 0.23147 0.25721 0.58308 0.08692 0.52961 0.38344 0.19268 0.66033 0.45773 0.54121 0.33851 0.20331 0.32608 0.66842 0.30936 0.64268 0.62576 0.38473 0.09502 0.45144 0.51415 0.16617 0.50245 0.16820 0.24144 0.27581 0.43202 0.00000 0.42030 0.22863 0.54344 0.62971 0.34973 0.71036 0.17650
0.98496 0.28845 0.88759 0.34082 0.42672 0.76485 0.76786 0.90541 0.53647 0.73390 0.93865 0.78813 0.24283 0.77430 0.34008 0.28516 0.66326 0.91424 0.33368 0.73970 0.79371 0.47883 1.03148 0.20347 0.60111 0.29519 0.41751 0.61702 0.56351 0.52667 0.48162 0.96760 0.16277 0.32563 0.86051 0.37488 0.58245 0.67323 0.56871 0.19880 0.69609 0.79603 0.42030 0.00000 0.42960 0.95071 0.94937 0.76796 1.04433 0.47388
0.55642 0.30107 0.47003 0.10640 0.35014 0.53546 0.35038 0.55060 0.30473 0.30431 0.51646 0.51041 0.52879 0.36268 0.13973 0.14446 0.43615 0.48525 0.23143 0.33660 0.42971 0.07754 0.61149 0.35788 0.31258 0.49616 0.02591 0.18797 0.45955 0.53500 0.45400 0.53958 0.31075 0.23351 0.60394 0.66583 0.34037 0.29082 0.36915 0.23883 0.39882 0.63339 0.22863 0.42960 0.00000 0.56835 0.51977 0.48366 0.61498 0.08663
0.29515 0.69696 0.18152 0.62076 0.88963 0.37813 0.24875 0.09585 0.77911 0.36484 0.20730 0.28978 0.93743 0.22399 0.70730 0.69149 0.39750 0.29728 0.62789 0.53107 0.16015 0.49554 0.20865 0.92428 0.73097 0.86195 0.56605 0.41745 0.95781 0.70317 0.98744 0.28045 0.86893 0.63582 0.33097 1.02853 0.41603 0.58360 0.45965 0.75460 0.29883 0.50363 0.54344 0.95071 0.56835 0.00000 0.34019 0.28344 0.34108 0.49383
0.06472 0.77090 0.17148 0.61502 0.73634 0.64988 0.22827 0.41702 0.59047 0.21554 0.13297 0.56604 1.02052 0.24425 0.62938 0.66421 0.61978 0.05274 0.69149 0.28430 0.37565 0.47929 0.18300 0.85171 0.52005 0.96632 0.53308 0.33320 0.75716 0.89064 0.81600 0.06684 0.82112 0.69763 0.63790 1.14244 0.58398 0.36172 0.63676 0.75626 0.51076 0.78556 0.62971 0.94937 0.51977 0.34019 0.00000 0.54724 0.09936 0.48868
0.52617 0.48563 0.37952 0.48616 0.83380 0.10295 0.34412 0.19329 0.76832 0.45029 0.43350 0.02737 0.70057 0.31801 0.61464 0.56013 0.12405 0.49492 0.43495 0.61799 0.17167 0.40786 0.47576 0.79778 0.74715 0.61701 0.46879 0.42362 0.93723 0.42678 0.93766 0.50679 0.72872 0.44289 0.12299 0.77205 0.18557 0.63747 0.20895 0.59004 0.08484 0.23836 0.34973 0.76796 0.48366 0.28344 0.54724 0.00000 0.58568 0.39706
0.06519 0.85578 0.20989 0.70759 0.83494 0.68835 0.30098 0.43012 0.68768 0.31105 0.15253 0.60107 1.10644 0.31004 0.72758 0.75937 0.67211 0.13070 0.77672 0.37991 0.41624 0.57044 0.14172 0.95048 0.61581 1.04864 0.62709 0.42731 0.85201 0.95624 0.91326 0.08559 0.91871 0.78321 0.66238 1.22448 0.64809 0.45856 0.70037 0.84968 0.56196 0.82236 0.71036 1.04433 0.61498 0.34108 0.09936 0.58568 0.00000 0.57875
0.51681 0.28914 0.41373 0.13315 0.43676 0.45092 0.29400 0.46936 0.38329 0.27687 0.46514 0.42385 0.53435 0.30099 0.22260 0.19885 0.35361 0.44810 0.21080 0.35419 0.34896 0.01649 0.55760 0.43099 0.38055 0.48801 0.07495 0.16122 0.54387 0.48487 0.54060 0.49845 0.37558 0.21564 0.51759 0.66286 0.25952 0.32637 0.29327 0.27544 0.31223 0.55329 0.17650 0.47388 0.08663 0.49383 0.48868 0.39706 0.57875 0.00000
