100 0
0.00000 0.49289 0.33541 0.62343 0.44033 0.52140 0.44964 0.43925 0.38654 0.19204 0.27903 0.46907 0.69740 0.61363 0.12449 0.28655 0.76937 0.21224 0.24641 0.38618 0.20110 0.33678 0.62147 0.61593 0.41265 0.43325 0.28059 0.20614 0.20575 0.39234 0.49796 0.71373 0.28062 0.43102 0.70532 0.38024 0.44559 0.39316 0.31721 0.32566 0.56769 0.65858 0.52450 0.26740 0.63931 0.13972 0.28447 0.28967 0.73859 0.69793 0.30611 0.36401 0.50670 0.31145 0.12634 0.42001 0.29881 0.19329 0.66211 0.45077 0.52790 0.85478 0.45412 0.21668 0.47677 0.60488 0.28160 0.39692 0.49817 0.58345 0.34256 0.15252 0.61272 0.61113 0.36226 0.62205 0.38634 0.62989 0.22453 0.51999 0.49039 0.39787 0.08529 0.55158 0.63163 0.40931 0.29886 0.12662 0.57406 0.46493 0.20909 0.68392 0.59469 0.30283 0.14021 0.38844 0.12597 0.39603 0.19702 0.32162
0.49289 0.00000 0.58438 0.93300 0.17661 0.32473 0.52976 0.57012 0.82257 0.58742 0.48881 0.89428 0.66790 0.95963 0.45154 0.21409 0.84209 0.69361 0.70228 0.11887 0.66159 0.33832 0.84350 1.07477 0.90544 0.37264 0.72097 0.68099 0.52100 0.43143 0.08642 1.16468 0.53031 0.34651 1.15021 0.80827 0.75116 0.88599 0.69022 0.16724 0.34693 0.79572 0.23930 0.25105 0.60914 0.38455 0.32218 0.77077 0.89187 1.13153 0.79853 0.77240 0.99718 0.78287 0.41838 0.70177 0.77343 0.30295 0.80643 0.65229 0.69146 0.90639 0.94696 0.31429 0.05570 1.02660 0.24477 0.88979 0.86629 1.06379 0.81175 0.59019 0.73995 0.72937 0.82674 0.12963 0.70854 1.10454 0.27051 0.92166 0.94141 0.38053 0.53492 0.09166 0.79007 0.71457 0.69472 0.60204 0.51362 0.68375 0.68959 0.70061 0.98014 0.79532 0.44367 0.86177 0.61174 0.09839 0.67266 0.67685
0.33541 0.58438 0.00000 0.35077 0.43555 0.40160 0.17353 0.13294 0.31235 0.17444 0.60543 0.35604 0.40600 0.37566 0.22736 0.39688 0.43854 0.32919 0.27454 0.46880 0.49189 0.25374 0.29723 0.55607 0.53517 0.28247 0.57283 0.47577 0.54038 0.19973 0.63599 0.62775 0.61330 0.30148 0.60718 0.29156 0.77544 0.53333 0.63984 0.45678 0.43723 0.32338 0.46358 0.35062 0.35987 0.42509 0.26255 0.52196 0.40400 0.57849 0.47868 0.66594 0.58007 0.34892 0.25189 0.75371 0.35121 0.35445 0.32672 0.11538 0.19328 0.52469 0.57070 0.29850 0.60124 0.47052 0.49598 0.53267 0.29084 0.59210 0.58785 0.22911 0.27941 0.27930 0.36232 0.68820 0.71613 0.61296 0.37578 0.35975 0.42760 0.24834 0.26291 0.59285 0.29629 0.74071 0.61511 0.28991 0.33275 0.13171 0.32484 0.37498 0.40523 0.44671 0.21821 0.40745 0.31709 0.51821 0.46816 0.64874
0.62343 0.93300 0.35077 0.00000 0.77584 0.70678 0.43821 0.38510 0.32036 0.43170 0.90156 0.27178 0.53314 0.07629 0.55034 0.74713 0.41328 0.49494 0.42327 0.81882 0.70586 0.59669 0.16412 0.40840 0.58760 0.59697 0.77131 0.67606 0.82075 0.51794 0.98669 0.42521 0.89790 0.62120 0.39678 0.30750 1.00914 0.60288 0.86826 0.80708 0.73073 0.29814 0.78546 0.70105 0.52699 0.74404 0.61255 0.67704 0.28685 0.35212 0.59906 0.86125 0.56720 0.43317 0.58185 1.00202 0.44685 0.69747 0.28725 0.29107 0.29050 0.47771 0.60398 0.64684 0.95173 0.27077 0.83830 0.59840 0.15279 0.50709 0.73678 0.47412 0.31603 0.32941 0.39982 1.03098 0.95337 0.49262 0.72177 0.20688 0.34591 0.57201 0.53823 0.93403 0.26643 0.98106 0.83623 0.52201 0.56324 0.25819 0.49330 0.47089 0.16691 0.55793 0.54679 0.42895 0.54261 0.86897 0.67192 0.88484
0.44033 0.17661 0.43555 0.77584 0.00000 0.15863 0.35759 0.40148 0.70707 0.47826 0.53564 0.77091 0.49458 0.80950 0.35901 0.17115 0.66558 0.61202 0.60377 0.11398 0.63461 0.18180 0.67513 0.96203 0.83658 0.19704 0.70669 0.64516 0.53761 0.26222 0.25561 1.04546 0.57086 0.17069 1.02813 0.69015 0.79312 0.82150 0.70387 0.17780 0.19186 0.62075 0.09860 0.17410 0.43462 0.37691 0.18927 0.72999 0.71674 1.00454 0.73863 0.77517 0.91742 0.68851 0.33250 0.74896 0.68188 0.25507 0.63173 0.48856 0.52091 0.73079 0.87808 0.22573 0.21821 0.89732 0.28819 0.82415 0.72523 0.96790 0.78146 0.49564 0.56519 0.55425 0.72568 0.25525 0.74216 1.00243 0.23084 0.78857 0.82807 0.20913 0.45495 0.15822 0.61657 0.75453 0.69951 0.52356 0.33899 0.52092 0.60749 0.52482 0.83987 0.72671 0.34640 0.76535 0.53996 0.17296 0.63614 0.69640
0.52140 0.32473 0.40160 0.70678 0.15863 0.00000 0.26862 0.32193 0.70602 0.50003 0.66989 0.75691 0.34477 0.75288 0.41362 0.30227 0.52855 0.65431 0.62856 0.27093 0.72244 0.18979 0.58231 0.95597 0.88156 0.11926 0.80062 0.72590 0.65727 0.20194 0.40867 1.02935 0.70114 0.10392 1.00865 0.68649 0.91850 0.87106 0.81578 0.32681 0.04631 0.50454 0.09332 0.28439 0.28839 0.49371 0.23705 0.80328 0.59791 0.97899 0.79537 0.87833 0.94932 0.71336 0.39782 0.87784 0.71010 0.36427 0.51678 0.41676 0.42679 0.58669 0.92176 0.31108 0.37232 0.87115 0.43386 0.87256 0.68684 0.98139 0.86119 0.53268 0.45152 0.43887 0.74130 0.36680 0.86426 1.00807 0.34971 0.76018 0.82508 0.15577 0.51066 0.27445 0.50769 0.87966 0.80619 0.57483 0.19474 0.44940 0.64954 0.38297 0.79894 0.77596 0.39793 0.78460 0.59639 0.33140 0.71676 0.81195
0.44964 0.52976 0.17353 0.43821 0.35759 0.26862 0.00000 0.05486 0.48258 0.33257 0.68905 0.51748 0.24901 0.48628 0.32571 0.39183 0.34343 0.49438 0.44539 0.42981 0.63266 0.20271 0.31938 0.71783 0.70717 0.16406 0.71518 0.62256 0.64129 0.10022 0.59886 0.78141 0.70644 0.19003 0.75852 0.46133 0.89418 0.70406 0.76653 0.44576 0.29367 0.26917 0.35015 0.34853 0.19461 0.49766 0.24772 0.67951 0.36511 0.72509 0.64466 0.80556 0.75357 0.52199 0.33429 0.86520 0.52370 0.39023 0.27890 0.14952 0.16382 0.42340 0.74337 0.32190 0.56132 0.61855 0.51922 0.70373 0.42997 0.76229 0.74440 0.38282 0.21327 0.20438 0.53567 0.60937 0.83519 0.77989 0.39861 0.50845 0.59383 0.14924 0.39651 0.51184 0.26057 0.85716 0.74632 0.44058 0.15952 0.18165 0.48981 0.23578 0.53837 0.61504 0.31079 0.58082 0.46726 0.48981 0.61419 0.77123
0.43925 0.57012 0.13294 0.38510 0.40148 0.32193 0.05486 0.00000 0.43432 0.30268 0.69163 0.46565 0.27393 0.43178 0.31826 0.41773 0.33445 0.46120 0.40747 0.46536 0.61300 0.23514 0.27380 0.66563 0.66768 0.21309 0.69508 0.60005 0.63753 0.13933 0.63559 0.72768 0.70584 0.23822 0.70454 0.41287 0.88477 0.66620 0.75348 0.47422 0.34819 0.24232 0.40107 0.37263 0.22696 0.50216 0.27189 0.65150 0.33593 0.67071 0.61109 0.78698 0.70926 0.48073 0.33233 0.85855 0.48358 0.40430 0.25023 0.09502 0.12230 0.41823 0.70274 0.33779 0.59845 0.56440 0.53908 0.66548 0.37553 0.71334 0.71707 0.35559 0.18831 0.18246 0.49092 0.65543 0.82548 0.72923 0.41668 0.45456 0.54323 0.19256 0.37806 0.55781 0.22733 0.84855 0.73130 0.41528 0.20850 0.12750 0.45678 0.24794 0.48355 0.57955 0.30474 0.53604 0.44238 0.52341 0.59202 0.75992
0.38654 0.82257 0.31235 0.32036 0.70707 0.70602 0.48258 0.43432 0.00000 0.23519 0.64210 0.08329 0.68875 0.27520 0.37339 0.61037 0.65144 0.19858 0.14107 0.70417 0.40562 0.53445 0.41287 0.25496 0.27498 0.58735 0.46152 0.37210 0.55272 0.50724 0.85129 0.34211 0.62827 0.60274 0.32841 0.02163 0.70453 0.28651 0.56580 0.66540 0.74476 0.51993 0.75605 0.57153 0.65394 0.52524 0.51800 0.35981 0.55737 0.31450 0.27923 0.54779 0.28399 0.11534 0.40787 0.70415 0.13030 0.53162 0.51526 0.36456 0.42748 0.73229 0.29876 0.50829 0.82280 0.21834 0.65544 0.28272 0.16758 0.27988 0.41750 0.24261 0.50304 0.51070 0.08046 0.94273 0.65179 0.30213 0.56288 0.14506 0.12104 0.55025 0.30979 0.85477 0.48343 0.68004 0.53200 0.26163 0.64179 0.34837 0.19880 0.64262 0.22387 0.23808 0.37955 0.11717 0.27173 0.73653 0.36973 0.58515
0.19204 0.58742 0.17444 0.43170 0.47826 0.50003 0.33257 0.30268 0.23519 0.00000 0.47093 0.30950 0.57634 0.42559 0.13963 0.37529 0.61004 0.16295 0.12877 0.46913 0.31953 0.31564 0.43591 0.48807 0.38501 0.38692 0.39949 0.30177 0.39380 0.31702 0.61718 0.57729 0.47026 0.39662 0.56331 0.22158 0.61089 0.37787 0.47243 0.43090 0.54288 0.48942 0.53672 0.33642 0.52621 0.31582 0.28945 0.34882 0.56140 0.54686 0.31280 0.49299 0.44936 0.21403 0.17443 0.59373 0.21011 0.29906 0.49090 0.28373 0.36295 0.69630 0.42407 0.27314 0.58805 0.44482 0.42967 0.37843 0.31257 0.49005 0.41444 0.05523 0.44992 0.45115 0.24759 0.70833 0.55206 0.52432 0.32952 0.34725 0.35429 0.34796 0.10737 0.62183 0.45888 0.57786 0.44570 0.11614 0.48416 0.29036 0.15826 0.54867 0.41664 0.28544 0.14458 0.28836 0.14318 0.50169 0.29435 0.48356
0.27903 0.48881 0.60543 0.90156 0.53564 0.66989 0.68905 0.69163 0.64210 0.47093 0.00000 0.72517 0.92471 0.88806 0.37892 0.36885 1.02608 0.44603 0.50261 0.43356 0.27759 0.52290 0.89781 0.83926 0.56836 0.62046 0.29268 0.31261 0.09218 0.60957 0.44537 0.94019 0.04347 0.60783 0.93734 0.64037 0.26296 0.54106 0.21879 0.36107 0.71322 0.92431 0.63411 0.38706 0.86272 0.19175 0.46438 0.39044 1.00898 0.93854 0.45925 0.30806 0.67473 0.54482 0.35981 0.21526 0.52950 0.31371 0.92919 0.71936 0.79340 1.10943 0.60345 0.37971 0.44561 0.85625 0.25277 0.54714 0.77143 0.77750 0.40044 0.42781 0.87496 0.87149 0.59805 0.60669 0.22030 0.83174 0.32158 0.78360 0.72846 0.59444 0.36369 0.57526 0.90012 0.22586 0.23578 0.38606 0.78214 0.73696 0.44498 0.92360 0.86092 0.47985 0.39006 0.61063 0.37137 0.40089 0.30884 0.19943
0.46907 0.89428 0.35604 0.27178 0.77091 0.75691 0.51748 0.46565 0.08329 0.30950 0.72517 0.00000 0.70298 0.21364 0.44905 0.68394 0.64140 0.28059 0.22428 0.77548 0.48439 0.59400 0.39154 0.20058 0.31744 0.63765 0.53599 0.44997 0.63553 0.55546 0.92661 0.27483 0.71082 0.65522 0.25733 0.08959 0.78007 0.33472 0.64278 0.74022 0.79324 0.51135 0.81335 0.64353 0.67472 0.60729 0.58320 0.42927 0.53471 0.23753 0.34467 0.61928 0.29808 0.19017 0.48380 0.78198 0.20594 0.60828 0.50472 0.38480 0.43666 0.71805 0.33226 0.58071 0.89709 0.13656 0.73509 0.32977 0.12843 0.25914 0.48284 0.32286 0.50337 0.51288 0.14313 1.01194 0.72867 0.26553 0.63898 0.07115 0.08380 0.60211 0.39093 0.92191 0.47472 0.75700 0.60853 0.34470 0.67396 0.36266 0.28108 0.65155 0.14731 0.30429 0.45385 0.16167 0.35501 0.81069 0.44823 0.66294
0.69740 0.66790 0.40600 0.53314 0.49458 0.34477 0.24901 0.27393 0.68875 0.57634 0.92471 0.70298 0.00000 0.60202 0.57301 0.59209 0.20175 0.73499 0.67950 0.59698 0.88158 0.40697 0.37134 0.89497 0.93724 0.31921 0.96407 0.87088 0.88404 0.31518 0.74988 0.93968 0.94570 0.34023 0.91330 0.66716 1.14027 0.93736 1.01459 0.63560 0.33406 0.24415 0.43643 0.55606 0.06308 0.73324 0.46360 0.92504 0.31192 0.87284 0.88467 1.05456 0.97079 0.74914 0.57856 1.10942 0.75331 0.61495 0.25717 0.32440 0.26667 0.24463 0.97075 0.54673 0.71269 0.77469 0.72788 0.93630 0.58996 0.96047 0.99045 0.62859 0.21713 0.20392 0.75354 0.70734 1.08158 0.96777 0.61584 0.67361 0.78556 0.33552 0.64543 0.61815 0.26939 1.10282 0.99496 0.68756 0.15648 0.34151 0.73059 0.06525 0.67812 0.85245 0.55764 0.79810 0.71448 0.65995 0.86261 1.01857
0.61363 0.95963 0.37566 0.07629 0.80950 0.75288 0.48628 0.43178 0.27520 0.42559 0.88806 0.21364 0.60202 0.00000 0.55428 0.76531 0.48905 0.46359 0.39460 0.84315 0.67495 0.62817 0.23752 0.33336 0.53088 0.63923 0.73532 0.64312 0.80367 0.55781 1.00813 0.34919 0.88078 0.66227 0.32089 0.26637 0.97682 0.54835 0.83685 0.82502 0.77993 0.37156 0.82723 0.72008 0.59180 0.74138 0.63747 0.63499 0.36313 0.27667 0.55336 0.82272 0.50186 0.39048 0.58749 0.97338 0.40522 0.70781 0.36116 0.33679 0.34993 0.55400 0.54388 0.66263 0.97435 0.19500 0.84651 0.54341 0.11705 0.43517 0.69190 0.46144 0.38528 0.39818 0.35109 1.06337 0.92266 0.41817 0.73425 0.14384 0.28048 0.61122 0.52866 0.96744 0.33861 0.95072 0.80375 0.50304 0.62099 0.30473 0.46261 0.54102 0.09158 0.51234 0.55296 0.37491 0.52095 0.88988 0.63986 0.85494
0.12449 0.45154 0.22736 0.55034 0.35901 0.41362 0.32571 0.31826 0.37339 0.13963 0.37892 0.44905 0.57301 0.55428 0.00000 0.23787 0.65123 0.25301 0.25125 0.33449 0.31846 0.22432 0.52309 0.62355 0.47828 0.31605 0.40018 0.31632 0.31947 0.26907 0.47797 0.71494 0.38938 0.31711 0.70179 0.36072 0.56855 0.46438 0.44168 0.29203 0.45936 0.54570 0.43104 0.20212 0.51482 0.19862 0.17997 0.39008 0.63014 0.68627 0.38438 0.48658 0.55870 0.33367 0.03482 0.54067 0.32558 0.15948 0.55037 0.34051 0.41468 0.73591 0.51963 0.13932 0.44949 0.58444 0.29306 0.46668 0.44546 0.61496 0.44948 0.13959 0.49725 0.49451 0.37561 0.57522 0.50950 0.65378 0.18993 0.48586 0.49066 0.27905 0.09802 0.49262 0.52120 0.53170 0.42310 0.16540 0.45065 0.35906 0.24849 0.56068 0.55324 0.36913 0.01639 0.41208 0.18429 0.36332 0.30730 0.44566
0.28655 0.21409 0.39688 0.74713 0.17115 0.30227 0.39183 0.41773 0.61037 0.37529 0.36885 0.68394 0.59209 0.76531 0.23787 0.00000 0.73207 0.48068 0.48824 0.10019 0.47137 0.19106 0.67986 0.86142 0.69643 0.27328 0.54009 0.48544 0.36649 0.29392 0.24446 0.95234 0.40213 0.25458 0.93860 0.59679 0.62317 0.67835 0.53291 0.05995 0.34475 0.65865 0.26789 0.04649 0.52905 0.20620 0.14585 0.57311 0.75335 0.92147 0.59215 0.60547 0.78553 0.56885 0.20439 0.58003 0.55955 0.09327 0.66730 0.48410 0.53864 0.80772 0.73809 0.10410 0.21334 0.81783 0.13658 0.68177 0.66528 0.84990 0.62045 0.37614 0.60334 0.59544 0.61269 0.34011 0.57149 0.89045 0.06328 0.71526 0.72840 0.25869 0.32146 0.26511 0.64506 0.58447 0.52929 0.38918 0.43876 0.51260 0.47655 0.60614 0.77752 0.58592 0.23082 0.64772 0.40035 0.12697 0.47664 0.52526
0.76937 0.84209 0.43854 0.41328 0.66558 0.52855 0.34343 0.33445 0.65144 0.61004 1.02608 0.64140 0.20175 0.48905 0.65123 0.73207 0.00000 0.75038 0.68401 0.75699 0.92943 0.54104 0.25491 0.81306 0.92156 0.47332 1.00948 0.91137 0.97066 0.43830 0.91970 0.83822 1.03993 0.49833 0.80994 0.63123 1.21304 0.92787 1.07828 0.78316 0.52576 0.13151 0.62186 0.69024 0.24367 0.83634 0.59020 0.94859 0.13617 0.76540 0.89214 1.10303 0.93296 0.73700 0.66667 1.18937 0.74512 0.73342 0.13682 0.32635 0.24719 0.08626 0.94907 0.66526 0.88192 0.67990 0.86203 0.92539 0.51508 0.89831 1.01448 0.66527 0.16023 0.15924 0.72700 0.89529 1.15368 0.89378 0.74197 0.59466 0.72478 0.47648 0.70107 0.80247 0.16804 1.17774 1.05363 0.72617 0.33389 0.32386 0.74665 0.14728 0.57666 0.85490 0.63831 0.76811 0.75313 0.81935 0.90416 1.08675
0.21224 0.69361 0.32919 0.49494 0.61202 0.65431 0.49438 0.46120 0.19858 0.16295 0.44603 0.28059 0.73499 0.46359 0.25301 0.48068 0.75038 0.00000 0.07255 0.58038 0.21156 0.46578 0.54588 0.40548 0.22750 0.54504 0.27748 0.18113 0.35552 0.47856 0.70659 0.50457 0.43035 0.55239 0.49810 0.20052 0.51445 0.21712 0.37384 0.52775 0.69849 0.62350 0.68149 0.45095 0.68689 0.35038 0.42970 0.19846 0.68350 0.49500 0.15028 0.36940 0.30614 0.10136 0.28122 0.50979 0.08745 0.39084 0.62271 0.42769 0.50508 0.83597 0.26822 0.39007 0.68306 0.41022 0.49361 0.21836 0.34793 0.37250 0.26418 0.12167 0.59098 0.59437 0.15418 0.82077 0.45941 0.41781 0.42335 0.34311 0.28487 0.50607 0.15953 0.74249 0.58985 0.48737 0.34140 0.09158 0.64708 0.42656 0.00478 0.70327 0.42176 0.12302 0.26589 0.17641 0.08632 0.59955 0.17706 0.39143
0.24641 0.70228 0.27454 0.42327 0.60377 0.62856 0.44539 0.40747 0.14107 0.12877 0.50261 0.22428 0.67950 0.39460 0.25125 0.48824 0.68401 0.07255 0.00000 0.58569 0.28259 0.44432 0.47437 0.37578 0.26207 0.51453 0.35000 0.25321 0.41439 0.44212 0.72381 0.47085 0.49072 0.52498 0.46073 0.13777 0.58586 0.25888 0.44500 0.54008 0.67110 0.55577 0.66501 0.45336 0.63441 0.38579 0.41611 0.26797 0.61309 0.45171 0.20872 0.44192 0.32076 0.08538 0.28392 0.57966 0.08167 0.40370 0.55441 0.36495 0.44071 0.76913 0.29940 0.39038 0.69743 0.35903 0.52033 0.25839 0.27810 0.36461 0.33291 0.11211 0.52558 0.52976 0.12445 0.82647 0.53024 0.40253 0.43584 0.28103 0.24597 0.47568 0.17382 0.74312 0.52151 0.55803 0.41300 0.12068 0.60199 0.36101 0.07038 0.64417 0.35873 0.17362 0.26080 0.16169 0.13132 0.61198 0.24879 0.46188
0.38618 0.11887 0.46880 0.81882 0.11398 0.27093 0.42981 0.46536 0.70417 0.46913 0.43356 0.77548 0.59698 0.84315 0.33449 0.10019 0.75699 0.58038 0.58569 0.00000 0.56683 0.23031 0.73649 0.95689 0.79661 0.28389 0.63254 0.58265 0.44689 0.32969 0.17044 1.04624 0.47128 0.25964 1.03157 0.68967 0.69481 0.77844 0.61617 0.07336 0.30578 0.69873 0.20928 0.13280 0.53535 0.29446 0.20631 0.67109 0.79482 1.01269 0.69207 0.69296 0.88555 0.66727 0.30203 0.64861 0.65835 0.19301 0.70867 0.54276 0.58762 0.82687 0.83827 0.19614 0.13385 0.90774 0.18139 0.78189 0.74826 0.94855 0.71665 0.47376 0.64277 0.63319 0.71009 0.24095 0.64658 0.98821 0.16173 0.80291 0.82333 0.28303 0.42097 0.16554 0.68985 0.65670 0.61580 0.48898 0.44051 0.57343 0.57621 0.62133 0.86189 0.68610 0.32593 0.74601 0.50049 0.06300 0.57397 0.60610
0.20110 0.66159 0.49189 0.70586 0.63461 0.72244 0.63266 0.61300 0.40562 0.31953 0.27759 0.48439 0.88158 0.67495 0.31846 0.47137 0.92943 0.21156 0.28259 0.56683 0.00000 0.53752 0.74564 0.57020 0.29085 0.63300 0.08255 0.03662 0.18801 0.58682 0.64819 0.67104 0.24892 0.63169 0.67087 0.41023 0.30331 0.26381 0.16241 0.49872 0.76874 0.80861 0.72246 0.46052 0.82631 0.27710 0.48556 0.11708 0.87759 0.67713 0.18206 0.17417 0.39716 0.29453 0.32653 0.29876 0.27868 0.38048 0.80971 0.60321 0.68244 1.01569 0.32666 0.41536 0.63475 0.60543 0.42404 0.26978 0.55949 0.50116 0.15023 0.26433 0.76940 0.77038 0.34514 0.79071 0.24786 0.55628 0.40815 0.55060 0.47054 0.59682 0.23615 0.73114 0.77742 0.27582 0.13083 0.20366 0.76778 0.60932 0.21285 0.86094 0.62938 0.20616 0.33484 0.34781 0.17712 0.56327 0.03630 0.18002
0.33678 0.33832 0.25374 0.59669 0.18180 0.18979 0.20271 0.23514 0.53445 0.31564 0.52290 0.59400 0.40697 0.62817 0.22432 0.19106 0.54104 0.46578 0.44432 0.23031 0.53752 0.00000 0.50650 0.78856 0.69326 0.09953 0.61735 0.53879 0.49353 0.10328 0.40069 0.86882 0.54781 0.09424 0.85050 0.51637 0.75529 0.68206 0.64238 0.24326 0.23522 0.47155 0.22214 0.15062 0.34403 0.33417 0.05869 0.61437 0.56719 0.82539 0.60567 0.69877 0.76429 0.52965 0.21105 0.71900 0.52525 0.20971 0.48092 0.31402 0.35744 0.61686 0.73379 0.14346 0.36374 0.71779 0.32343 0.68371 0.54365 0.80347 0.67321 0.34443 0.41578 0.40708 0.56138 0.43528 0.69859 0.83410 0.20887 0.60832 0.65529 0.07192 0.32096 0.33932 0.46076 0.71675 0.62942 0.38511 0.25947 0.34543 0.46103 0.41648 0.65827 0.58682 0.20845 0.60338 0.40661 0.28844 0.52969 0.64137
0.62147 0.84350 0.29723 0.16412 0.67513 0.58231 0.31938 0.27380 0.41287 0.43591 0.89781 0.39154 0.37134 0.23752 0.52309 0.67986 0.25491 0.54588 0.47437 0.73649 0.74564 0.50650 0.00000 0.55818 0.68764 0.48343 0.82008 0.72129 0.82689 0.41312 0.90692 0.58541 0.90208 0.50938 0.55750 0.39438 1.04447 0.69759 0.90445 0.73852 0.59972 0.13413 0.66809 0.63354 0.37072 0.72157 0.53597 0.74196 0.14457 0.51396 0.67468 0.91341 0.68765 0.51120 0.54895 1.02928 0.52181 0.64882 0.12365 0.19576 0.15605 0.32729 0.71122 0.58853 0.87016 0.42538 0.78957 0.69427 0.26347 0.64558 0.80615 0.48808 0.15555 0.16951 0.49202 0.92840 0.98616 0.63926 0.66759 0.34079 0.47387 0.46603 0.54078 0.83080 0.10264 1.01250 0.87555 0.54546 0.41890 0.16858 0.54297 0.30805 0.32266 0.63497 0.51491 0.52979 0.57038 0.79263 0.71542 0.91730
0.61593 1.07477 0.55607 0.40840 0.96203 0.95597 0.71783 0.66563 0.25496 0.48807 0.83926 0.20058 0.89497 0.33336 0.62355 0.86142 0.81306 0.40548 0.37578 0.95689 0.57020 0.78856 0.55818 0.00000 0.31094 0.83677 0.59706 0.53359 0.74708 0.75504 1.09932 0.10100 0.81637 0.85361 0.10289 0.27226 0.83427 0.33847 0.70989 0.91480 0.99299 0.68750 1.00956 0.82409 0.87045 0.75521 0.77296 0.48007 0.69353 0.12482 0.39443 0.66232 0.22858 0.30467 0.65736 0.84839 0.31803 0.77903 0.67905 0.58245 0.62850 0.88327 0.29935 0.76075 1.07233 0.13928 0.89484 0.33172 0.30540 0.12022 0.51346 0.48695 0.68779 0.69859 0.25391 1.19641 0.79164 0.08600 0.81097 0.22195 0.13407 0.80066 0.54928 1.10930 0.65175 0.81933 0.67496 0.49001 0.87363 0.55833 0.40806 0.84041 0.24179 0.36437 0.63110 0.23043 0.49115 0.98649 0.53523 0.73352
0.41265 0.90544 0.53517 0.58760 0.83658 0.88156 0.70717 0.66768 0.27498 0.38501 0.56836 0.31744 0.93724 0.53088 0.47828 0.69643 0.92156 0.22750 0.26207 0.79661 0.29085 0.69326 0.68764 0.31094 0.00000 0.77109 0.29647 0.25674 0.47865 0.70191 0.90823 0.40663 0.53808 0.77926 0.41352 0.29328 0.52569 0.02883 0.40819 0.73821 0.92551 0.79034 0.90844 0.67101 0.89448 0.53623 0.65661 0.18161 0.83201 0.43223 0.11218 0.35295 0.10656 0.18828 0.50416 0.54350 0.18414 0.60393 0.78661 0.61641 0.68756 1.00400 0.04168 0.61224 0.88869 0.39245 0.68652 0.02209 0.43735 0.21821 0.20378 0.34893 0.76837 0.77454 0.19574 1.03441 0.48631 0.27575 0.63592 0.38724 0.25914 0.73209 0.38163 0.96104 0.75425 0.51334 0.37404 0.31308 0.86407 0.60684 0.23223 0.89805 0.45616 0.11055 0.49194 0.15940 0.29739 0.80866 0.26170 0.43291
0.43325 0.37264 0.28247 0.59697 0.19704 0.11926 0.16406 0.21309 0.58735 0.38692 0.62046 0.63765 0.31921 0.63923 0.31605 0.27328 0.47332 0.54504 0.51453 0.28389 0.63300 0.09953 0.48343 0.83677 0.77109 0.00000 0.71366 0.63232 0.59298 0.08318 0.44722 0.91019 0.64639 0.02644 0.88963 0.56767 0.85480 0.76215 0.74149 0.31674 0.15779 0.42372 0.18852 0.23955 0.25632 0.43299 0.15782 0.70474 0.51971 0.86037 0.68969 0.79650 0.83498 0.59865 0.30692 0.81830 0.59621 0.30675 0.43475 0.30591 0.32773 0.54320 0.81066 0.24218 0.40940 0.75246 0.40957 0.76324 0.56916 0.86368 0.76522 0.42361 0.36820 0.35722 0.62462 0.44576 0.79812 0.88947 0.30227 0.64152 0.70609 0.03900 0.40959 0.34838 0.42016 0.81625 0.72797 0.47019 0.16565 0.33880 0.54025 0.33814 0.68196 0.66771 0.29974 0.66835 0.49346 0.34654 0.62329 0.74074
0.28059 0.72097 0.57283 0.77131 0.70669 0.80062 0.71518 0.69508 0.46152 0.39949 0.29268 0.53599 0.96407 0.73532 0.40018 0.54009 1.00948 0.27748 0.35000 0.63254 0.08255 0.61735 0.82008 0.59706 0.29647 0.71366 0.00000 0.09900 0.21523 0.66890 0.70001 0.69644 0.25548 0.71159 0.69957 0.46896 0.24431 0.26769 0.11285 0.56222 0.84692 0.88741 0.79680 0.53312 0.90886 0.33855 0.56430 0.11709 0.95425 0.71096 0.20330 0.09382 0.40147 0.34681 0.40678 0.25186 0.33142 0.45162 0.88811 0.68313 0.76232 1.09573 0.32537 0.49144 0.68995 0.64862 0.47847 0.27438 0.62193 0.51432 0.10812 0.34428 0.84930 0.85064 0.39334 0.84883 0.19583 0.57150 0.47741 0.60479 0.51099 0.67786 0.31867 0.79484 0.85564 0.22398 0.07804 0.28335 0.85004 0.68810 0.27968 0.94302 0.68296 0.23807 0.41653 0.38743 0.25635 0.62335 0.10557 0.13691
0.20614 0.68099 0.47577 0.67606 0.64516 0.72590 0.62256 0.60005 0.37210 0.30177 0.31261 0.44997 0.87088 0.64312 0.31632 0.48544 0.91137 0.18113 0.25321 0.58265 0.03662 0.53879 0.72129 0.53359 0.25674 0.63232 0.09900 0.00000 0.22208 0.58208 0.67142 0.63444 0.28496 0.63254 0.63426 0.37755 0.33377 0.23028 0.19387 0.51630 0.77209 0.78873 0.73057 0.47133 0.81693 0.29788 0.48892 0.09027 0.85525 0.64067 0.14664 0.19276 0.36267 0.25985 0.32818 0.33215 0.24404 0.39318 0.78932 0.58506 0.66418 0.99759 0.29357 0.42275 0.65642 0.56973 0.44705 0.23605 0.52832 0.46530 0.13648 0.24673 0.75115 0.75272 0.30983 0.81048 0.27984 0.52018 0.42220 0.51685 0.43444 0.59534 0.22766 0.74776 0.75681 0.30803 0.16065 0.18586 0.76187 0.58947 0.18290 0.84779 0.59556 0.16962 0.33266 0.31150 0.15869 0.58260 0.00914 0.21311
0.20575 0.52100 0.54038 0.82075 0.53761 0.65727 0.64129 0.63753 0.55272 0.39380 0.09218 0.63553 0.88404 0.80367 0.31947 0.36649 0.97066 0.35552 0.41439 0.44689 0.18801 0.49353 0.82689 0.74708 0.47865 0.59298 0.21523 0.22208 0.00000 0.57038 0.49100 0.84801 0.07721 0.58390 0.84525 0.55187 0.26216 0.45179 0.16983 0.37373 0.70239 0.86290 0.63404 0.37372 0.82346 0.16359 0.43518 0.30326 0.94407 0.84681 0.36857 0.25189 0.58473 0.45349 0.30702 0.22606 0.43807 0.29301 0.86682 0.65560 0.73194 1.05538 0.51467 0.35154 0.48461 0.76559 0.27632 0.45771 0.68671 0.68606 0.32023 0.34696 0.81582 0.81353 0.50665 0.64567 0.20700 0.74001 0.30969 0.69531 0.63686 0.56297 0.28686 0.60145 0.83666 0.22346 0.17442 0.30063 0.74875 0.67051 0.35469 0.87707 0.77312 0.38808 0.33280 0.51857 0.28382 0.42627 0.21781 0.15934
0.39234 0.43143 0.19973 0.51794 0.26222 0.20194 0.10022 0.13933 0.50724 0.31702 0.60957 0.55546 0.31518 0.55781 0.26907 0.29392 0.43830 0.47856 0.44212 0.32969 0.58682 0.10328 0.41312 0.75504 0.70191 0.08318 0.66890 0.58208 0.57038 0.00000 0.49906 0.82745 0.63071 0.10459 0.80671 0.48721 0.82899 0.69477 0.70790 0.34652 0.23799 0.36938 0.26949 0.25204 0.25356 0.41806 0.15296 0.64875 0.46532 0.77724 0.62628 0.75563 0.76101 0.52486 0.26844 0.79629 0.52353 0.30176 0.37911 0.22780 0.26003 0.51522 0.74062 0.23306 0.46161 0.66935 0.42433 0.69541 0.48605 0.78502 0.71134 0.35882 0.31347 0.30439 0.54792 0.51661 0.77087 0.80928 0.30618 0.55840 0.62511 0.05412 0.35504 0.41904 0.36026 0.79107 0.69106 0.41020 0.18172 0.26054 0.47380 0.31769 0.59901 0.60157 0.25284 0.59220 0.43509 0.38959 0.57324 0.70985
0.49796 0.08642 0.63599 0.98669 0.25561 0.40867 0.59886 0.63559 0.85129 0.61718 0.44537 0.92661 0.74988 1.00813 0.47797 0.24446 0.91970 0.70659 0.72381 0.17044 0.64819 0.40069 0.90692 1.09932 0.90823 0.44722 0.70001 0.67142 0.49100 0.49906 0.00000 1.19234 0.48837 0.42169 1.17966 0.83864 0.70338 0.88682 0.65662 0.18651 0.43258 0.86715 0.32513 0.28844 0.69020 0.37429 0.37470 0.76168 0.96334 1.16404 0.79843 0.74229 1.00450 0.80074 0.44342 0.65248 0.78998 0.32032 0.87737 0.71302 0.75779 0.98620 0.94922 0.34855 0.03782 1.06125 0.22438 0.89116 0.90954 1.07906 0.79678 0.61238 0.81120 0.80123 0.84749 0.16442 0.66528 1.12287 0.28857 0.95949 0.96752 0.45070 0.55164 0.17022 0.85930 0.66831 0.66522 0.61578 0.59456 0.74351 0.70290 0.78018 1.02195 0.79967 0.47277 0.87954 0.62185 0.11827 0.66363 0.64078
0.71373 1.16468 0.62775 0.42521 1.04546 1.02935 0.78141 0.72768 0.34211 0.57729 0.94019 0.27483 0.93968 0.34919 0.71494 0.95234 0.83822 0.50457 0.47085 1.04624 0.67104 0.86882 0.58541 0.10100 0.40663 0.91019 0.69644 0.63444 0.84801 0.82745 1.19234 0.00000 0.91736 0.92857 0.02909 0.35687 0.93184 0.43479 0.80929 1.00691 1.06434 0.71865 1.08781 0.91364 0.92099 0.85330 0.85729 0.57936 0.71126 0.07616 0.49440 0.75937 0.31591 0.40335 0.74920 0.94727 0.41718 0.87215 0.70885 0.63941 0.67623 0.90222 0.39079 0.85040 1.16442 0.16545 0.99109 0.42798 0.35442 0.19793 0.61022 0.58059 0.72644 0.73836 0.35155 1.28440 0.89037 0.14376 0.90377 0.27318 0.22510 0.87539 0.64467 1.19548 0.68441 0.91789 0.77444 0.58735 0.93314 0.61238 0.50698 0.88174 0.26337 0.46508 0.72152 0.33068 0.58973 1.07825 0.63616 0.83313
0.28062 0.53031 0.61330 0.89790 0.57086 0.70114 0.70644 0.70584 0.62827 0.47026 0.04347 0.71082 0.94570 0.88078 0.38938 0.40213 1.03993 0.43035 0.49072 0.47128 0.24892 0.54781 0.90208 0.81637 0.53808 0.64639 0.25548 0.28496 0.07721 0.63071 0.48837 0.91736 0.00000 0.63505 0.91569 0.62795 0.22356 0.51030 0.17605 0.39830 0.74512 0.93471 0.66902 0.41705 0.88427 0.21373 0.48913 0.35814 1.01730 0.91883 0.43089 0.26554 0.64464 0.52693 0.37362 0.17810 0.51134 0.34059 0.93902 0.72816 0.80366 1.12407 0.57192 0.40438 0.48795 0.83973 0.29167 0.51655 0.76380 0.75007 0.36359 0.42400 0.88663 0.88383 0.57987 0.64922 0.17823 0.80514 0.35154 0.77141 0.70943 0.61875 0.36308 0.61594 0.90927 0.18568 0.19469 0.37776 0.80606 0.74411 0.42974 0.94189 0.84941 0.45409 0.40175 0.58959 0.36057 0.44102 0.28216 0.15616
0.43102 0.34651 0.30148 0.62120 0.17069 0.10392 0.19003 0.23822 0.60274 0.39662 0.60783 0.65522 0.34023 0.66227 0.31711 0.25458 0.49833 0.55239 0.52498 0.25964 0.63169 0.09424 0.50938 0.85361 0.77926 0.02644 0.71159 0.63254 0.58390 0.10459 0.42169 0.92857 0.63505 0.00000 0.90843 0.58340 0.84603 0.76942 0.73546 0.29546 0.14634 0.45010 0.16495 0.22354 0.27769 0.42243 0.14984 0.70703 0.54606 0.87994 0.69522 0.79284 0.84573 0.60965 0.30517 0.80843 0.60658 0.29454 0.46116 0.33029 0.35380 0.56724 0.81923 0.23236 0.38387 0.77198 0.39115 0.77074 0.58998 0.87758 0.76652 0.43072 0.39461 0.38359 0.63738 0.41951 0.78992 0.90466 0.28762 0.66115 0.72218 0.05319 0.41254 0.32208 0.44660 0.80736 0.72310 0.47497 0.18492 0.36317 0.54761 0.36172 0.70326 0.67457 0.30101 0.68068 0.49745 0.32249 0.62346 0.73384
0.70532 1.15021 0.60718 0.39678 1.02813 1.00865 0.75852 0.70454 0.32841 0.56331 0.93734 0.25733 0.91330 0.32089 0.70179 0.93860 0.80994 0.49810 0.46073 1.03157 0.67087 0.85050 0.55750 0.10289 0.41352 0.88963 0.69957 0.63426 0.84525 0.80671 1.17966 0.02909 0.91569 0.90843 0.00000 0.34196 0.93715 0.44121 0.81236 0.99381 1.04304 0.69093 1.06857 0.89920 0.89548 0.84504 0.84053 0.58267 0.68260 0.04713 0.49667 0.76520 0.32732 0.39674 0.73625 0.95106 0.41108 0.85981 0.68102 0.61541 0.65058 0.87354 0.40040 0.83610 1.15118 0.14055 0.98093 0.43444 0.33010 0.21171 0.61630 0.56913 0.69950 0.71153 0.34415 1.26889 0.89437 0.16091 0.89119 0.25011 0.21499 0.85525 0.63428 1.17919 0.65688 0.92209 0.77740 0.57873 0.90921 0.58790 0.50027 0.85497 0.23603 0.46566 0.70783 0.32674 0.58240 1.06489 0.63557 0.83587
0.38024 0.80827 0.29156 0.30750 0.69015 0.68649 0.46133 0.41287 0.02163 0.22158 0.64037 0.08959 0.66716 0.26637 0.36072 0.59679 0.63123 0.20052 0.13777 0.68967 0.41023 0.51637 0.39438 0.27226 0.29328 0.56767 0.46896 0.37755 0.55187 0.48721 0.83864 0.35687 0.62795 0.58340 0.34196 0.00000 0.71092 0.30367 0.57143 0.65245 0.72491 0.49973 0.73765 0.55725 0.63232 0.51803 0.50133 0.37014 0.53872 0.32563 0.29165 0.55662 0.30521 0.12572 0.39538 0.70899 0.13972 0.51963 0.49525 0.34295 0.40615 0.71243 0.31825 0.49415 0.80963 0.22615 0.64557 0.30013 0.15505 0.30100 0.42929 0.23327 0.48213 0.48966 0.09765 0.92753 0.65737 0.32209 0.55057 0.14346 0.13906 0.53077 0.30142 0.83886 0.46329 0.68554 0.53800 0.25699 0.62046 0.32690 0.20022 0.62119 0.22167 0.25055 0.36616 0.13690 0.26908 0.72327 0.37470 0.59017
0.44559 0.75116 0.77544 1.00914 0.79312 0.91850 0.89418 0.88477 0.70453 0.61089 0.26296 0.78007 1.14027 0.97682 0.56855 0.62317 1.21304 0.51445 0.58586 0.69481 0.30331 0.75529 1.04447 0.83427 0.52569 0.85480 0.24431 0.33377 0.26216 0.82899 0.70338 0.93184 0.22356 0.84603 0.93715 0.71092 0.00000 0.49724 0.14104 0.62176 0.96329 1.09796 0.89087 0.63429 1.08073 0.42506 0.69710 0.35727 1.17228 0.95134 0.44491 0.17290 0.62469 0.59044 0.56181 0.05236 0.57490 0.55458 1.10031 0.89008 0.96867 1.29885 0.54696 0.61367 0.70646 0.89239 0.51509 0.50407 0.86207 0.74240 0.32193 0.55711 1.05477 1.05410 0.63760 0.86656 0.05937 0.80028 0.56942 0.84847 0.75447 0.82416 0.51256 0.83815 1.06874 0.03883 0.17313 0.49901 1.00885 0.90019 0.51594 1.12918 0.92685 0.48151 0.58339 0.63118 0.47433 0.66383 0.33741 0.12734
0.39316 0.88599 0.53333 0.60288 0.82150 0.87106 0.70406 0.66620 0.28651 0.37787 0.54106 0.33472 0.93736 0.54835 0.46438 0.67835 0.92787 0.21712 0.25888 0.77844 0.26381 0.68206 0.69759 0.33847 0.02883 0.76215 0.26769 0.23028 0.45179 0.69477 0.88682 0.43479 0.51030 0.76942 0.44121 0.30367 0.49724 0.00000 0.37935 0.71878 0.91543 0.79701 0.89529 0.65427 0.89316 0.51383 0.64364 0.15317 0.84160 0.45898 0.08851 0.32461 0.13466 0.19126 0.48904 0.51473 0.18482 0.58549 0.79374 0.61858 0.69119 1.01102 0.06360 0.59644 0.86800 0.41595 0.66434 0.00683 0.45147 0.24704 0.17544 0.33872 0.77320 0.77889 0.20620 1.01522 0.45755 0.30456 0.61725 0.40525 0.28086 0.72318 0.36693 0.94331 0.76119 0.48463 0.34522 0.29901 0.85980 0.61049 0.22191 0.89982 0.47602 0.09538 0.47851 0.17401 0.28154 0.78880 0.23560 0.40409
0.31721 0.69022 0.63984 0.86826 0.70387 0.81578 0.76653 0.75348 0.56580 0.47243 0.21879 0.64278 1.01459 0.83685 0.44168 0.53291 1.07828 0.37384 0.44500 0.61617 0.16241 0.64238 0.90445 0.70989 0.40819 0.74149 0.11285 0.19387 0.16983 0.70790 0.65662 0.80929 0.17605 0.73546 0.81236 0.57143 0.14104 0.37935 0.00000 0.54317 0.86158 0.96105 0.79897 0.53573 0.95646 0.32701 0.58564 0.22994 1.03363 0.82332 0.31587 0.08960 0.51219 0.45267 0.43950 0.14002 0.43696 0.45348 0.96298 0.75370 0.83265 1.16435 0.43531 0.50538 0.65236 0.75892 0.44580 0.38611 0.72170 0.62633 0.21095 0.41809 0.91918 0.91908 0.50125 0.81379 0.08600 0.68369 0.47373 0.71033 0.62183 0.70847 0.37730 0.77126 0.93114 0.11427 0.03503 0.35920 0.88932 0.76253 0.37522 0.99989 0.78894 0.34957 0.45726 0.49814 0.33407 0.59599 0.19700 0.02547
0.32566 0.16724 0.45678 0.80708 0.17780 0.32681 0.44576 0.47422 0.66540 0.43090 0.36107 0.74022 0.63560 0.82502 0.29203 0.05995 0.78316 0.52775 0.54008 0.07336 0.49872 0.24326 0.73852 0.91480 0.73821 0.31674 0.56222 0.51630 0.37373 0.34652 0.18651 1.00691 0.39830 0.29546 0.99381 0.65245 0.62176 0.71878 0.54317 0.00000 0.36565 0.71393 0.27609 0.10620 0.57288 0.22368 0.20302 0.60559 0.80911 0.97770 0.63141 0.62070 0.83036 0.61895 0.25771 0.57588 0.60893 0.13711 0.72292 0.54284 0.59574 0.85704 0.77972 0.16290 0.15755 0.87475 0.11054 0.72257 0.72437 0.89910 0.64889 0.42815 0.65835 0.65000 0.66429 0.29649 0.57327 0.94115 0.10462 0.77312 0.78239 0.30710 0.37001 0.23273 0.70144 0.58358 0.54337 0.43624 0.48028 0.57168 0.52382 0.65362 0.83624 0.62812 0.28638 0.69791 0.44507 0.07199 0.50779 0.53287
0.56769 0.34693 0.43723 0.73073 0.19186 0.04631 0.29367 0.34819 0.74476 0.54288 0.71322 0.79324 0.33406 0.77993 0.45936 0.34475 0.52576 0.69849 0.67110 0.30578 0.76874 0.23522 0.59972 0.99299 0.92551 0.15779 0.84692 0.77209 0.70239 0.23799 0.43258 1.06434 0.74512 0.14634 1.04304 0.72491 0.96329 0.91543 0.86158 0.36565 0.00000 0.51336 0.10770 0.32900 0.28241 0.53880 0.28330 0.84920 0.60451 1.01226 0.84040 0.92451 0.99181 0.75560 0.44397 0.92218 0.75274 0.40950 0.52603 0.44315 0.44583 0.57842 0.96553 0.35719 0.39743 0.90466 0.47417 0.91683 0.71867 1.02145 0.90730 0.57682 0.46226 0.44903 0.78231 0.37341 0.90935 1.04689 0.39406 0.79372 0.86303 0.19599 0.55617 0.28642 0.51973 0.92445 0.85223 0.61990 0.19435 0.47532 0.69372 0.37866 0.82957 0.82045 0.44360 0.82593 0.64174 0.36419 0.76296 0.85753
0.65858 0.79572 0.32338 0.29814 0.62075 0.50454 0.26917 0.24232 0.51993 0.48942 0.92431 0.51135 0.24415 0.37156 0.54570 0.65865 0.13151 0.62350 0.55577 0.69873 0.80861 0.47155 0.13413 0.68750 0.79034 0.42372 0.88741 0.78873 0.86290 0.36938 0.86715 0.71865 0.93471 0.45010 0.69093 0.49973 1.09796 0.79701 0.96105 0.71393 0.51336 0.00000 0.59572 0.61411 0.25501 0.73817 0.51306 0.82196 0.09621 0.64775 0.76315 0.98119 0.80167 0.60641 0.56517 1.07702 0.61486 0.64600 0.01337 0.20811 0.13105 0.21415 0.81762 0.57999 0.82948 0.55721 0.78140 0.79443 0.38621 0.76923 0.88764 0.54446 0.05597 0.06656 0.59559 0.86583 1.03874 0.76676 0.65898 0.46720 0.59496 0.41645 0.58556 0.76947 0.03670 1.06363 0.93500 0.60496 0.32146 0.19933 0.61993 0.17920 0.45542 0.72539 0.53425 0.63661 0.63157 0.75897 0.78185 0.97093
0.52450 0.23930 0.46358 0.78546 0.09860 0.09332 0.35015 0.40107 0.75605 0.53672 0.63411 0.81335 0.43643 0.82723 0.43104 0.26789 0.62186 0.68149 0.66501 0.20928 0.72246 0.22214 0.66809 1.00956 0.90844 0.18852 0.79680 0.73057 0.63404 0.26949 0.32513 1.08781 0.66902 0.16495 1.06857 0.73765 0.89087 0.89529 0.79897 0.27609 0.10770 0.59572 0.00000 0.26446 0.38117 0.47208 0.25184 0.81301 0.68976 1.04150 0.81511 0.86819 0.98368 0.75038 0.40875 0.84711 0.74532 0.34687 0.60775 0.49439 0.51205 0.67931 0.94953 0.30782 0.29037 0.93356 0.38659 0.89746 0.75359 1.02550 0.86703 0.56164 0.54201 0.52967 0.78328 0.27348 0.83938 1.05619 0.32524 0.82306 0.87669 0.21668 0.52891 0.18175 0.59734 0.85222 0.79330 0.59630 0.28801 0.52728 0.67682 0.47612 0.86730 0.79995 0.41679 0.82495 0.61508 0.26339 0.72147 0.79230
0.26740 0.25105 0.35062 0.70105 0.17410 0.28439 0.34853 0.37263 0.57153 0.33642 0.38706 0.64353 0.55606 0.72008 0.20212 0.04649 0.69024 0.45095 0.45336 0.13280 0.46052 0.15062 0.63354 0.82409 0.67101 0.23955 0.53312 0.47133 0.37372 0.25204 0.28844 0.91364 0.41705 0.22354 0.89920 0.55725 0.63429 0.65427 0.53573 0.10620 0.32900 0.61411 0.26446 0.00000 0.49298 0.21023 0.10111 0.55686 0.70848 0.88093 0.56955 0.60375 0.75694 0.53556 0.17047 0.59346 0.52704 0.08248 0.62256 0.43778 0.49309 0.76705 0.71268 0.06334 0.25594 0.77654 0.17281 0.65733 0.62120 0.81690 0.60752 0.34165 0.55901 0.55141 0.57767 0.37315 0.58055 0.85588 0.06556 0.67285 0.69055 0.22076 0.29150 0.29157 0.59987 0.59546 0.52908 0.36014 0.40498 0.46617 0.44665 0.56710 0.73392 0.56052 0.19318 0.61411 0.37367 0.17024 0.46233 0.53022
0.63931 0.60914 0.35987 0.52699 0.43462 0.28839 0.19461 0.22696 0.65394 0.52621 0.86272 0.67472 0.06308 0.59180 0.51482 0.52905 0.24367 0.68689 0.63441 0.53535 0.82631 0.34403 0.37072 0.87045 0.89448 0.25632 0.90886 0.81693 0.82346 0.25356 0.69020 0.92099 0.88427 0.27769 0.89548 0.63232 1.08073 0.89316 0.95646 0.57288 0.28241 0.25501 0.38117 0.49298 0.00000 0.67145 0.40085 0.87394 0.33572 0.85677 0.83707 0.99857 0.93325 0.70716 0.51895 1.04913 0.71035 0.55233 0.26837 0.29062 0.24497 0.29832 0.92920 0.48425 0.65283 0.75554 0.66480 0.89243 0.56775 0.92958 0.93893 0.57719 0.21583 0.20166 0.71508 0.65386 1.02222 0.94024 0.55289 0.65099 0.75596 0.27250 0.59031 0.56278 0.27315 1.04309 0.93761 0.63518 0.09564 0.31231 0.68239 0.09639 0.66257 0.80617 0.49921 0.76002 0.66187 0.59835 0.80851 0.95984
0.13972 0.38455 0.42509 0.74404 0.37691 0.49371 0.49766 0.50216 0.52524 0.31582 0.19175 0.60729 0.73324 0.74138 0.19862 0.20620 0.83634 0.35038 0.38579 0.29446 0.27710 0.33417 0.72157 0.75521 0.53623 0.43299 0.33855 0.29788 0.16359 0.41806 0.37429 0.85330 0.21373 0.42243 0.84504 0.51803 0.42506 0.51383 0.32701 0.22368 0.53880 0.73817 0.47208 0.21023 0.67145 0.00000 0.27549 0.38811 0.82536 0.83747 0.42532 0.39966 0.63544 0.45056 0.17376 0.38609 0.43754 0.12954 0.74375 0.53635 0.60788 0.91908 0.57675 0.19082 0.35854 0.74349 0.15059 0.51842 0.62805 0.71871 0.42721 0.28629 0.68746 0.68332 0.50177 0.51362 0.37056 0.76673 0.14689 0.65578 0.63011 0.40502 0.21731 0.45632 0.71569 0.38624 0.32318 0.26633 0.59236 0.55655 0.34751 0.73191 0.72891 0.42957 0.20688 0.52679 0.26422 0.28629 0.28987 0.32038
0.28447 0.32218 0.26255 0.61255 0.18927 0.23705 0.24772 0.27189 0.51800 0.28945 0.46438 0.58320 0.46360 0.63747 0.17997 0.14585 0.59020 0.42970 0.41611 0.20631 0.48556 0.05869 0.53597 0.77296 0.65661 0.15782 0.56430 0.48892 0.43518 0.15296 0.37470 0.85729 0.48913 0.14984 0.84053 0.50133 0.69710 0.64364 0.58564 0.20302 0.28330 0.51306 0.25184 0.10111 0.40085 0.27549 0.00000 0.56731 0.60758 0.81826 0.56434 0.64396 0.73281 0.50125 0.16113 0.66049 0.49536 0.15167 0.52159 0.34055 0.39293 0.66800 0.69769 0.08479 0.33930 0.71166 0.27183 0.64573 0.54532 0.77946 0.62443 0.31037 0.45791 0.45031 0.53704 0.43112 0.64061 0.81332 0.15336 0.60424 0.63895 0.13007 0.27799 0.33902 0.49921 0.65851 0.57356 0.34475 0.31780 0.37009 0.42504 0.47022 0.65962 0.54827 0.16526 0.57732 0.36427 0.25798 0.47978 0.58405
0.28967 0.77077 0.52196 0.67704 0.72999 0.80328 0.67951 0.65150 0.35981 0.34882 0.39044 0.42927 0.92504 0.63499 0.39008 0.57311 0.94859 0.19846 0.26797 0.67109 0.11708 0.61437 0.74196 0.48007 0.18161 0.70474 0.11709 0.09027 0.30326 0.64875 0.76168 0.57936 0.35814 0.70703 0.58267 0.37014 0.35727 0.15317 0.22994 0.60559 0.84920 0.82196 0.81301 0.55686 0.87394 0.38811 0.56731 0.00000 0.88106 0.59481 0.08765 0.19047 0.28782 0.24470 0.40627 0.36843 0.23043 0.48030 0.82115 0.62477 0.70273 1.03428 0.21385 0.50569 0.74664 0.53580 0.53731 0.15967 0.52511 0.39833 0.06605 0.29675 0.78895 0.79201 0.28624 0.90033 0.31190 0.45519 0.51001 0.49950 0.39766 0.66684 0.29521 0.83645 0.78829 0.33980 0.19512 0.23972 0.82547 0.62472 0.20204 0.89693 0.57655 0.12562 0.40607 0.27497 0.21392 0.67242 0.09826 0.25391
0.73859 0.89187 0.40400 0.28685 0.71674 0.59791 0.36511 0.33593 0.55737 0.56140 1.00898 0.53471 0.31192 0.36313 0.63014 0.75335 0.13617 0.68350 0.61309 0.79482 0.87759 0.56719 0.14457 0.69353 0.83201 0.51971 0.95425 0.85525 0.94407 0.46532 0.96334 0.71126 1.01730 0.54606 0.68260 0.53872 1.17228 0.84160 1.03363 0.80911 0.60451 0.09621 0.68976 0.70848 0.33572 0.82536 0.60758 0.88106 0.00000 0.63715 0.81633 1.04798 0.83166 0.65416 0.65169 1.15391 0.66430 0.73765 0.08627 0.28963 0.21859 0.19098 0.85579 0.67250 0.92568 0.55719 0.87443 0.83837 0.40631 0.78603 0.94589 0.61553 0.15214 0.16252 0.63631 0.96080 1.11338 0.77648 0.75178 0.48083 0.61624 0.51266 0.66210 0.86471 0.11007 1.13898 1.00611 0.67489 0.41086 0.27371 0.68032 0.24781 0.45326 0.77707 0.61964 0.67433 0.70080 0.85491 0.84891 1.04495
