50 0
0.00000 0.29297 0.57308 0.90945 0.33012 0.66515 0.92137 0.31231 0.43399 0.63356 0.06881 0.26120 0.35578 0.38044 0.59460 0.14167 0.52415 0.62242 0.84886 0.80259 0.43597 0.60909 0.53376 0.69566 0.87506 0.67258 0.83705 0.55930 0.58013 0.16265 0.48374 0.77792 0.36003 0.73603 0.30433 0.72518 0.39696 0.49312 0.11952 0.77035 0.19792 0.32018 0.57827 0.60984 0.53711 0.72877 0.60877 0.40223 0.18801 0.44441
0.29297 0.00000 0.36091 0.67663 0.21173 0.37979 0.68645 0.20339 0.20183 0.41148 0.22592 0.16696 0.49737 0.54552 0.30854 0.42924 0.23964 0.33098 0.64288 0.58904 0.42074 0.42809 0.35568 0.40546 0.63230 0.47580 0.60295 0.44275 0.39762 0.13824 0.56535 0.48517 0.48273 0.56710 0.31584 0.50851 0.19687 0.20316 0.20684 0.60052 0.37121 0.04949 0.45900 0.31905 0.33709 0.58301 0.41280 0.54349 0.12530 0.24536
0.57308 0.36091 0.00000 0.83181 0.24856 0.25706 0.83624 0.55812 0.48560 0.06170 0.52541 0.52754 0.54622 0.89773 0.41105 0.71185 0.39124 0.29300 0.84656 0.78975 0.77508 0.69717 0.07330 0.31170 0.77450 0.71865 0.76719 0.75819 0.67147 0.47077 0.92623 0.40667 0.51740 0.82534 0.35190 0.71884 0.51263 0.26070 0.53835 0.85344 0.51813 0.38698 0.77073 0.37985 0.60798 0.86044 0.66953 0.90005 0.39508 0.12911
0.90945 0.67663 0.83181 0.00000 0.85773 0.59908 0.01443 0.60148 0.48344 0.83378 0.84511 0.64879 1.17399 0.89790 0.42531 1.00528 0.46752 0.54227 0.11576 0.12326 0.61211 0.32048 0.88318 0.55251 0.05951 0.25224 0.07375 0.43220 0.34319 0.75775 0.77642 0.49672 1.15878 0.25859 0.98462 0.18750 0.51343 0.59176 0.79021 0.24392 1.04227 0.62926 0.41949 0.45227 0.37382 0.31465 0.30859 0.86186 0.79632 0.80611
0.33012 0.21173 0.24856 0.85773 0.00000 0.41053 0.86592 0.40569 0.40635 0.31019 0.29126 0.35860 0.34623 0.68084 0.44752 0.46585 0.39233 0.39918 0.83840 0.78272 0.61665 0.63565 0.20367 0.45647 0.80781 0.67853 0.78539 0.65425 0.60559 0.26129 0.73789 0.55338 0.32306 0.77438 0.13776 0.70320 0.40793 0.28625 0.31904 0.80716 0.27806 0.25894 0.67064 0.43849 0.54328 0.79326 0.61752 0.69045 0.17191 0.12653
0.66515 0.37979 0.25706 0.59908 0.41053 0.00000 0.60138 0.51677 0.38425 0.24153 0.60151 0.51182 0.75337 0.90527 0.21675 0.80523 0.24109 0.07573 0.63382 0.57926 0.70896 0.53880 0.32443 0.05464 0.53995 0.53915 0.54152 0.63389 0.52024 0.51789 0.88647 0.15172 0.72792 0.64617 0.54495 0.51957 0.43016 0.17801 0.58655 0.66856 0.68231 0.37266 0.64130 0.17398 0.46485 0.69266 0.50577 0.89472 0.47905 0.29789
0.92137 0.68645 0.83624 0.01443 0.86592 0.60138 0.00000 0.61396 0.49431 0.83717 0.85681 0.66091 1.18374 0.91211 0.43121 1.01801 0.47501 0.54583 0.12936 0.13761 0.62633 0.33424 0.88842 0.55412 0.06180 0.26605 0.08456 0.44651 0.35665 0.76909 0.79084 0.49610 1.16829 0.27292 0.99348 0.20067 0.52505 0.59815 0.80222 0.25794 1.05284 0.63932 0.43385 0.45712 0.38631 0.32879 0.32183 0.87614 0.80665 0.81259
0.31231 0.20339 0.55812 0.60148 0.40569 0.51677 0.61396 0.00000 0.15803 0.60402 0.25344 0.05610 0.62548 0.39340 0.36061 0.40493 0.29729 0.44980 0.53668 0.49131 0.21781 0.29685 0.55837 0.52427 0.57141 0.36045 0.53042 0.26373 0.26782 0.18290 0.37521 0.57890 0.61891 0.42639 0.48234 0.41522 0.10725 0.34711 0.19327 0.46090 0.47413 0.17115 0.28206 0.39224 0.22766 0.42542 0.29703 0.37901 0.25885 0.44802
0.43399 0.20183 0.48560 0.48344 0.40635 0.38425 0.49431 0.15803 0.00000 0.51963 0.36696 0.18466 0.69513 0.54712 0.20518 0.54667 0.14797 0.31160 0.44196 0.38904 0.32495 0.22952 0.50586 0.38224 0.44416 0.27406 0.40984 0.27261 0.19980 0.27628 0.50553 0.42669 0.68217 0.36805 0.51764 0.30853 0.05184 0.23618 0.31787 0.40083 0.55913 0.15238 0.28525 0.24027 0.13694 0.38965 0.21162 0.52868 0.31452 0.40158
0.63356 0.41148 0.06170 0.83378 0.31019 0.24153 0.83717 0.60402 0.51963 0.00000 0.58464 0.57676 0.60272 0.95270 0.42176 0.77278 0.41200 0.29154 0.85685 0.80057 0.81936 0.72228 0.12592 0.29484 0.77540 0.73852 0.77208 0.79156 0.69801 0.52693 0.97545 0.38385 0.57343 0.84610 0.41182 0.73292 0.55081 0.28665 0.59532 0.87275 0.57928 0.43341 0.80313 0.38631 0.63558 0.88447 0.69302 0.95359 0.45377 0.18915
0.06881 0.22592 0.52541 0.84511 0.29126 0.60151 0.85681 0.25344 0.36696 0.58464 0.00000 0.19974 0.38585 0.39377 0.52586 0.20390 0.45540 0.55647 0.78783 0.74031 0.40141 0.54966 0.49239 0.63033 0.80946 0.61168 0.77234 0.50890 0.52013 0.09386 0.47494 0.71108 0.38488 0.67967 0.29435 0.66210 0.33178 0.42764 0.06290 0.71415 0.22845 0.25155 0.52779 0.54150 0.47438 0.67602 0.54737 0.40846 0.13141 0.39632
0.26120 0.16696 0.52754 0.64879 0.35860 0.51182 0.66091 0.05610 0.18466 0.57676 0.19974 0.00000 0.56939 0.39364 0.37619 0.36338 0.30867 0.44942 0.58829 0.54145 0.25840 0.34998 0.52172 0.52511 0.61606 0.41206 0.57680 0.31960 0.32039 0.12684 0.39882 0.58778 0.56288 0.48136 0.42865 0.46401 0.14001 0.33653 0.14169 0.51589 0.41828 0.14612 0.33800 0.40327 0.27592 0.48139 0.34791 0.38557 0.20513 0.41164
0.35578 0.49737 0.54622 1.17399 0.34623 0.75337 1.18374 0.62548 0.69513 0.60272 0.38585 0.56939 0.00000 0.71566 0.78418 0.40438 0.72254 0.74541 1.13668 1.08417 0.78662 0.90978 0.47680 0.80124 1.12900 0.96488 1.10033 0.88827 0.87914 0.44271 0.83663 0.89888 0.03077 1.04619 0.20895 1.00366 0.67689 0.62984 0.44798 1.08059 0.15860 0.54517 0.90688 0.78016 0.82416 1.05030 0.90034 0.74494 0.38127 0.45698
0.38044 0.54552 0.89773 0.89790 0.68084 0.90527 0.91211 0.39340 0.54712 0.95270 0.39377 0.39364 0.71566 0.00000 0.75216 0.31661 0.69051 0.84126 0.80088 0.77492 0.28583 0.58196 0.87575 0.91642 0.88687 0.64837 0.83842 0.46656 0.56543 0.42751 0.16669 0.97208 0.72653 0.65538 0.68283 0.71822 0.49531 0.73008 0.36277 0.68313 0.56714 0.53716 0.48083 0.78528 0.56273 0.61771 0.60254 0.04524 0.51052 0.77175
0.59460 0.30854 0.41105 0.42531 0.44752 0.21675 0.43121 0.36061 0.20518 0.42176 0.52586 0.37619 0.78418 0.75216 0.00000 0.72254 0.07051 0.14244 0.43589 0.37928 0.52079 0.32232 0.45858 0.19535 0.37034 0.32382 0.35782 0.42311 0.30482 0.43230 0.70561 0.22268 0.76458 0.43144 0.58203 0.31146 0.25690 0.16781 0.49012 0.45547 0.67429 0.27457 0.42891 0.04346 0.25267 0.47634 0.28909 0.73378 0.43292 0.38202
0.14167 0.42924 0.71185 1.00528 0.46585 0.80523 1.01801 0.40493 0.54667 0.77278 0.20390 0.36338 0.40438 0.31661 0.72254 0.00000 0.65214 0.76013 0.93347 0.89186 0.46650 0.69231 0.66906 0.83417 0.97634 0.75910 0.93491 0.61984 0.66564 0.29300 0.45703 0.91399 0.41864 0.80801 0.41734 0.81815 0.50338 0.63149 0.23259 0.84135 0.26799 0.45099 0.63841 0.74121 0.63195 0.79100 0.69796 0.35098 0.32960 0.58383
0.52415 0.23964 0.39124 0.46752 0.39233 0.24109 0.47501 0.29729 0.14797 0.41200 0.45540 0.30867 0.72254 0.69051 0.07051 0.65214 0.00000 0.16635 0.46220 0.40520 0.47179 0.31120 0.42946 0.23468 0.41602 0.32755 0.39652 0.39472 0.28848 0.36180 0.65346 0.28161 0.70409 0.43465 0.52376 0.33043 0.19795 0.13190 0.41980 0.46228 0.60794 0.20425 0.40330 0.09510 0.22859 0.47259 0.28117 0.67425 0.36461 0.34167
0.62242 0.33098 0.29300 0.54227 0.39918 0.07573 0.54583 0.44980 0.31160 0.29154 0.55647 0.44942 0.74541 0.84126 0.14244 0.76013 0.16635 0.00000 0.56853 0.51300 0.63654 0.46369 0.35220 0.07594 0.48404 0.46605 0.48086 0.55822 0.44474 0.46864 0.81592 0.15848 0.72185 0.57350 0.53669 0.44994 0.35896 0.12966 0.53533 0.59684 0.65992 0.31633 0.56558 0.10081 0.38912 0.61878 0.43090 0.82875 0.44076 0.30163
0.84886 0.64288 0.84656 0.11576 0.83840 0.63382 0.12936 0.53668 0.44196 0.85685 0.78783 0.58829 1.13668 0.80088 0.43589 0.93347 0.46220 0.56853 0.00000 0.05704 0.51585 0.24132 0.89051 0.59329 0.14595 0.17628 0.10883 0.33491 0.26913 0.70576 0.67153 0.55404 1.12410 0.14873 0.95761 0.13521 0.46182 0.59313 0.72950 0.12962 0.99682 0.59374 0.32007 0.47067 0.31480 0.20109 0.24048 0.76291 0.75551 0.80336
0.80259 0.58904 0.78975 0.12326 0.78272 0.57926 0.13761 0.49131 0.38904 0.80057 0.74031 0.54145 1.08417 0.77492 0.37928 0.89186 0.40520 0.51300 0.05704 0.00000 0.48909 0.20110 0.83348 0.53990 0.12828 0.13312 0.07995 0.30896 0.22634 0.65641 0.65356 0.50475 1.07104 0.14179 0.90307 0.08056 0.41159 0.53610 0.68307 0.13585 0.94609 0.54012 0.29625 0.41458 0.26596 0.20154 0.19439 0.73867 0.70333 0.74644
0.43597 0.42074 0.77508 0.61211 0.61665 0.70896 0.62633 0.21781 0.32495 0.81936 0.40141 0.25840 0.78662 0.28583 0.52079 0.46650 0.47179 0.63654 0.51585 0.48909 0.00000 0.29833 0.77612 0.70647 0.60238 0.36353 0.55349 0.18101 0.28472 0.36794 0.18718 0.74283 0.78629 0.37221 0.67596 0.43394 0.27947 0.55119 0.34081 0.40164 0.62830 0.38839 0.19604 0.56018 0.29409 0.34020 0.32168 0.25038 0.45637 0.66576
0.60909 0.42809 0.69717 0.32048 0.63565 0.53880 0.33424 0.29685 0.22952 0.72228 0.54966 0.34998 0.90978 0.58196 0.32232 0.69231 0.31120 0.46369 0.24132 0.20110 0.29833 0.00000 0.72633 0.51569 0.30498 0.06831 0.25701 0.13039 0.03073 0.47141 0.47561 0.51825 0.89962 0.13901 0.74287 0.13634 0.23420 0.43699 0.49012 0.17255 0.76450 0.37885 0.12623 0.36560 0.09291 0.16352 0.03470 0.54839 0.52980 0.62621
0.53376 0.35568 0.07330 0.88318 0.20367 0.32443 0.88842 0.55837 0.50586 0.12592 0.49239 0.52172 0.47680 0.87575 0.45858 0.66906 0.42946 0.35220 0.89051 0.83348 0.77612 0.72633 0.00000 0.37886 0.82698 0.75362 0.81640 0.77626 0.69911 0.44898 0.91716 0.47552 0.44751 0.85863 0.28887 0.75983 0.52642 0.29768 0.51321 0.88817 0.45945 0.38948 0.79006 0.43152 0.63495 0.88978 0.70082 0.88164 0.36607 0.11037
0.69566 0.40546 0.31170 0.55251 0.45647 0.05464 0.55412 0.52427 0.38224 0.29484 0.63033 0.52511 0.80124 0.91642 0.19535 0.83417 0.23468 0.07594 0.59329 0.53990 0.70647 0.51569 0.37886 0.00000 0.49311 0.50982 0.49762 0.61833 0.49957 0.54346 0.88766 0.09886 0.77639 0.61543 0.59239 0.48445 0.43096 0.20268 0.61060 0.63594 0.72434 0.39211 0.62427 0.15209 0.44796 0.66458 0.48178 0.90327 0.51215 0.34806
0.87506 0.63230 0.77450 0.05951 0.80781 0.53995 0.06180 0.57141 0.44416 0.77540 0.80946 0.61606 1.12900 0.88687 0.37034 0.97634 0.41602 0.48404 0.14595 0.12828 0.60238 0.30498 0.82698 0.49311 0.00000 0.23887 0.05021 0.42598 0.32371 0.72020 0.77381 0.43753 1.11291 0.27003 0.93664 0.16866 0.47810 0.53764 0.75652 0.26263 1.00070 0.58594 0.41536 0.39556 0.34510 0.32975 0.28727 0.85275 0.75391 0.75209
0.67258 0.47580 0.71865 0.25224 0.67853 0.53915 0.26605 0.36045 0.27406 0.73852 0.61168 0.41206 0.96488 0.64837 0.32382 0.75910 0.32755 0.46605 0.17628 0.13312 0.36353 0.06831 0.75362 0.50982 0.23887 0.00000 0.19006 0.18848 0.09349 0.53053 0.53671 0.49939 0.95344 0.10787 0.79164 0.07097 0.28814 0.45831 0.55322 0.13481 0.82256 0.42632 0.17977 0.36547 0.14072 0.15509 0.06480 0.61391 0.58373 0.65805
0.83705 0.60295 0.76719 0.07375 0.78539 0.54152 0.08456 0.53042 0.40984 0.77208 0.77234 0.57680 1.10033 0.83842 0.35782 0.93491 0.39652 0.48086 0.10883 0.07995 0.55349 0.25701 0.81640 0.49762 0.05021 0.19006 0.00000 0.37632 0.27712 0.68453 0.72392 0.45094 1.08523 0.22102 0.91154 0.12088 0.44057 0.52270 0.71798 0.21564 0.96856 0.55553 0.36545 0.38743 0.30296 0.28124 0.24127 0.80387 0.72257 0.73663
0.55930 0.44275 0.75819 0.43220 0.65425 0.63389 0.44651 0.26373 0.27261 0.79156 0.50890 0.31960 0.88827 0.46656 0.42311 0.61984 0.39472 0.55822 0.33491 0.30896 0.18101 0.13039 0.77626 0.61833 0.42598 0.18848 0.37632 0.00000 0.12907 0.44637 0.34826 0.63322 0.88239 0.19330 0.74340 0.25942 0.25096 0.50603 0.44619 0.22462 0.73487 0.39749 0.01897 0.46625 0.17046 0.17132 0.16128 0.42975 0.52092 0.66960
0.58013 0.39762 0.67147 0.34319 0.60559 0.52024 0.35665 0.26782 0.19980 0.69801 0.52013 0.32039 0.87914 0.56543 0.30482 0.66564 0.28848 0.44474 0.26913 0.22634 0.28472 0.03073 0.69911 0.49957 0.32371 0.09349 0.27712 0.12907 0.00000 0.44115 0.46609 0.50747 0.86892 0.16952 0.71224 0.15645 0.20348 0.41195 0.46096 0.20319 0.73414 0.34843 0.12941 0.34828 0.06424 0.19098 0.03713 0.53333 0.49909 0.59808
0.16265 0.13824 0.47077 0.75775 0.26129 0.51789 0.76909 0.18290 0.27628 0.52693 0.09386 0.12684 0.44271 0.42751 0.43230 0.29300 0.36180 0.46864 0.70576 0.65641 0.36794 0.47141 0.44898 0.54346 0.72020 0.53053 0.68453 0.44637 0.44115 0.00000 0.47674 0.62124 0.43605 0.60552 0.30826 0.57715 0.24507 0.34138 0.07021 0.64004 0.29329 0.15850 0.46481 0.44888 0.39099 0.60768 0.46577 0.43272 0.09088 0.34424
0.48374 0.56535 0.92623 0.77642 0.73789 0.88647 0.79084 0.37521 0.50553 0.97545 0.47494 0.39882 0.83663 0.16669 0.70561 0.45703 0.65346 0.81592 0.67153 0.65356 0.18718 0.47561 0.91716 0.88766 0.77381 0.53671 0.72392 0.34826 0.46609 0.47674 0.00000 0.92815 0.84306 0.52299 0.76859 0.60767 0.45697 0.72146 0.42640 0.54698 0.68081 0.54275 0.35848 0.74400 0.48069 0.47772 0.50233 0.12155 0.56719 0.80800
0.77792 0.48517 0.40667 0.49672 0.55338 0.15172 0.49610 0.57890 0.42669 0.38385 0.71108 0.58778 0.89888 0.97208 0.22268 0.91399 0.28161 0.15848 0.55404 0.50475 0.74283 0.51825 0.47552 0.09886 0.43753 0.49939 0.45094 0.63322 0.50747 0.62124 0.92815 0.00000 0.87434 0.59947 0.68994 0.46137 0.47800 0.28732 0.68594 0.61536 0.81792 0.46511 0.63629 0.18683 0.46473 0.65361 0.48355 0.95515 0.59833 0.44680
0.36003 0.48273 0.51740 1.15878 0.32306 0.72792 1.16829 0.61891 0.68217 0.57343 0.38488 0.56288 0.03077 0.72653 0.76458 0.41864 0.70409 0.72185 1.12410 1.07104 0.78629 0.89962 0.44751 0.77639 1.11291 0.95344 1.08523 0.88239 0.86892 0.43605 0.84306 0.87434 0.00000 1.03677 0.18530 0.99049 0.66597 0.60815 0.44612 1.07107 0.16227 0.53114 0.90086 0.75927 0.81284 1.04261 0.88911 0.75443 0.36993 0.43078
0.73603 0.56710 0.82534 0.25859 0.77438 0.64617 0.27292 0.42639 0.36805 0.84610 0.67967 0.48136 1.04619 0.65538 0.43144 0.80801 0.43465 0.57350 0.14873 0.14179 0.37221 0.13901 0.85863 0.61543 0.27003 0.10787 0.22102 0.19330 0.16952 0.60552 0.52299 0.59947 1.03677 0.00000 0.88171 0.14071 0.37261 0.56473 0.61857 0.03453 0.89877 0.51787 0.17665 0.47279 0.23112 0.06103 0.15866 0.61645 0.66735 0.76106
0.30433 0.31584 0.35190 0.98462 0.13776 0.54495 0.99348 0.48234 0.51764 0.41182 0.29435 0.42865 0.20895 0.68283 0.58203 0.41734 0.52376 0.53669 0.95761 0.90307 0.67596 0.74287 0.28887 0.59239 0.93664 0.79164 0.91154 0.74340 0.71224 0.30826 0.76859 0.68994 0.18530 0.88171 0.00000 0.82275 0.50933 0.42335 0.34367 0.91542 0.17382 0.36533 0.76102 0.57504 0.65265 0.89422 0.72854 0.70103 0.22357 0.25040
0.72518 0.50851 0.71884 0.18750 0.70320 0.51957 0.20067 0.41522 0.30853 0.73292 0.66210 0.46401 1.00366 0.71822 0.31146 0.81815 0.33043 0.44994 0.13521 0.08056 0.43394 0.13634 0.75983 0.48445 0.16866 0.07097 0.12088 0.25942 0.15645 0.57715 0.60767 0.46137 0.99049 0.14071 0.82275 0.00000 0.33211 0.46215 0.60570 0.15399 0.86606 0.45957 0.25031 0.34967 0.18810 0.19938 0.12118 0.68425 0.62290 0.67021
0.39696 0.19687 0.51263 0.51343 0.40793 0.43016 0.52505 0.10725 0.05184 0.55081 0.33178 0.14001 0.67689 0.49531 0.25690 0.50338 0.19795 0.35896 0.46182 0.41159 0.27947 0.23420 0.52642 0.43096 0.47810 0.28814 0.44057 0.25096 0.20348 0.24507 0.45697 0.47800 0.66597 0.37261 0.50933 0.33211 0.00000 0.27343 0.27860 0.40655 0.53500 0.14901 0.26590 0.29134 0.14747 0.38622 0.22349 0.47717 0.29605 0.41893
0.49312 0.20316 0.26070 0.59176 0.28625 0.17801 0.59815 0.34711 0.23618 0.28665 0.42764 0.33653 0.62984 0.73008 0.16781 0.63149 0.13190 0.12966 0.59313 0.53610 0.55119 0.43699 0.29768 0.20268 0.53764 0.45831 0.52270 0.50603 0.41195 0.34138 0.72146 0.28732 0.60815 0.56473 0.42335 0.46215 0.27343 0.00000 0.40933 0.59312 0.53482 0.19492 0.51708 0.15271 0.34911 0.60001 0.40891 0.72151 0.31117 0.21445
0.11952 0.20684 0.53835 0.79021 0.31904 0.58655 0.80222 0.19327 0.31787 0.59532 0.06290 0.14169 0.44798 0.36277 0.49012 0.23259 0.41980 0.53533 0.72950 0.68307 0.34081 0.49012 0.51321 0.61060 0.75652 0.55322 0.71798 0.44619 0.46096 0.07021 0.42640 0.68594 0.44612 0.61857 0.34367 0.60570 0.27860 0.40933 0.00000 0.65300 0.29109 0.22089 0.46510 0.50984 0.41761 0.61379 0.48931 0.37143 0.14782 0.41074
0.77035 0.60052 0.85344 0.24392 0.80716 0.66856 0.25794 0.46090 0.40083 0.87275 0.71415 0.51589 1.08059 0.68313 0.45547 0.84135 0.46228 0.59684 0.12962 0.13585 0.40164 0.17255 0.88817 0.63594 0.26263 0.13481 0.21564 0.22462 0.20319 0.64004 0.54698 0.61536 1.07107 0.03453 0.91542 0.15399 0.40655 0.59312 0.65300 0.00000 0.93329 0.55122 0.20733 0.49603 0.26395 0.07160 0.19020 0.64348 0.70156 0.79168
0.19792 0.37121 0.51813 1.04227 0.27806 0.68231 1.05284 0.47413 0.55913 0.57928 0.22845 0.41828 0.15860 0.56714 0.67429 0.26799 0.60794 0.65992 0.99682 0.94609 0.62830 0.76450 0.45945 0.72434 1.00070 0.82256 0.96856 0.73487 0.73414 0.29329 0.68081 0.81792 0.16227 0.89877 0.17382 0.86606 0.53500 0.53482 0.29109 0.93329 0.00000 0.41534 0.75364 0.67730 0.68226 0.89951 0.75776 0.59361 0.24707 0.40394
0.32018 0.04949 0.38698 0.62926 0.25894 0.37266 0.63932 0.17115 0.15238 0.43341 0.25155 0.14612 0.54517 0.53716 0.27457 0.45099 0.20425 0.31633 0.59374 0.54012 0.38839 0.37885 0.38948 0.39211 0.58594 0.42632 0.55553 0.39749 0.34843 0.15850 0.54275 0.46511 0.53114 0.51787 0.36533 0.45957 0.14901 0.19492 0.22089 0.55122 0.41534 0.00000 0.41328 0.29040 0.28766 0.53459 0.36333 0.53109 0.16827 0.27953
0.57827 0.45900 0.77073 0.41949 0.67064 0.64130 0.43385 0.28206 0.28525 0.80313 0.52779 0.33800 0.90688 0.48083 0.42891 0.63841 0.40330 0.56558 0.32007 0.29625 0.19604 0.12623 0.79006 0.62427 0.41536 0.17977 0.36545 0.01897 0.12941 0.46481 0.35848 0.63629 0.90086 0.17665 0.76102 0.25031 0.26590 0.51708 0.46510 0.20733 0.75364 0.41328 0.00000 0.47223 0.17659 0.15263 0.15891 0.44329 0.53878 0.68391
0.60984 0.31905 0.37985 0.45227 0.43849 0.17398 0.45712 0.39224 0.24027 0.38631 0.54150 0.40327 0.78016 0.78528 0.04346 0.74121 0.09510 0.10081 0.47067 0.41458 0.56018 0.36560 0.43152 0.15209 0.39556 0.36547 0.38743 0.46625 0.34828 0.44888 0.74400 0.18683 0.75927 0.47279 0.57504 0.34967 0.29134 0.15271 0.50984 0.49603 0.67730 0.29040 0.47223 0.00000 0.29587 0.51869 0.33223 0.76839 0.44087 0.36241
0.53711 0.33709 0.60798 0.37382 0.54328 0.46485 0.38631 0.22766 0.13694 0.63558 0.47438 0.27592 0.82416 0.56273 0.25267 0.63195 0.22859 0.38912 0.31480 0.26596 0.29409 0.09291 0.63495 0.44796 0.34510 0.14072 0.30296 0.17046 0.06424 0.39099 0.48069 0.46473 0.81284 0.23112 0.65265 0.18810 0.14747 0.34911 0.41761 0.26395 0.68226 0.28766 0.17659 0.29587 0.00000 0.25521 0.07628 0.53457 0.44305 0.53386
0.72877 0.58301 0.86044 0.31465 0.79326 0.69266 0.32879 0.42542 0.38965 0.88447 0.67602 0.48139 1.05030 0.61771 0.47634 0.79100 0.47259 0.61878 0.20109 0.20154 0.34020 0.16352 0.88978 0.66458 0.32975 0.15509 0.28124 0.17132 0.19098 0.60768 0.47772 0.65361 1.04261 0.06103 0.89422 0.19938 0.38622 0.60001 0.61379 0.07160 0.89951 0.53459 0.15263 0.51869 0.25521 0.00000 0.19145 0.57712 0.67557 0.78906
0.60877 0.41280 0.66953 0.30859 0.61752 0.50577 0.32183 0.29703 0.21162 0.69302 0.54737 0.34791 0.90034 0.60254 0.28909 0.69796 0.28117 0.43090 0.24048 0.19439 0.32168 0.03470 0.70082 0.48178 0.28727 0.06480 0.24127 0.16128 0.03713 0.46577 0.50233 0.48355 0.88911 0.15866 0.72854 0.12118 0.22349 0.40891 0.48931 0.19020 0.75776 0.36333 0.15891 0.33223 0.07628 0.19145 0.00000 0.57045 0.51929 0.60248
0.40223 0.54349 0.90005 0.86186 0.69045 0.89472 0.87614 0.37901 0.52868 0.95359 0.40846 0.38557 0.74494 0.04524 0.73378 0.35098 0.67425 0.82875 0.76291 0.73867 0.25038 0.54839 0.88164 0.90327 0.85275 0.61391 0.80387 0.42975 0.53333 0.43272 0.12155 0.95515 0.75443 0.61645 0.70103 0.68425 0.47717 0.72151 0.37143 0.64348 0.59361 0.53109 0.44329 0.76839 0.53457 0.57712 0.57045 0.00000 0.51886 0.77578
0.18801 0.12530 0.39508 0.79632 0.17191 0.47905 0.80665 0.25885 0.31452 0.45377 0.13141 0.20513 0.38127 0.51052 0.43292 0.32960 0.36461 0.44076 0.75551 0.70333 0.45637 0.52980 0.36607 0.51215 0.75391 0.58373 0.72257 0.52092 0.49909 0.09088 0.56719 0.59833 0.36993 0.66735 0.22357 0.62290 0.29605 0.31117 0.14782 0.70156 0.24707 0.16827 0.53878 0.44087 0.44305 0.67557 0.51929 0.51886 0.00000 0.26625
0.44441 0.24536 0.12911 0.80611 0.12653 0.29789 0.81259 0.44802 0.40158 0.18915 0.39632 0.41164 0.45698 0.77175 0.38202 0.58383 0.34167 0.30163 0.80336 0.74644 0.66576 0.62621 0.11037 0.34806 0.75209 0.65805 0.73663 0.66960 0.59808 0.34424 0.80800 0.44680 0.43078 0.76106 0.25040 0.67021 0.41893 0.21445 0.41074 0.79168 0.40394 0.27953 0.68391 0.36241 0.53386 0.78906 0.60248 0.77578 0.26625 0.00000
