100 0
0.00000 0.45280 0.48120 0.16053 0.59036 0.37079 0.24973 0.46673 0.36332 0.76735 0.41116 0.08732 0.68517 0.42653 0.50800 0.72809 0.33650 0.32936 0.45747 0.16175 0.80830 0.69976 0.58612 0.54690 0.28081 0.81176 0.84521 0.22831 0.22814 0.40399 0.80934 0.79297 0.49083 0.94526 0.54613 0.55549 0.93090 0.40453 0.93938 0.36825 0.41709 0.38833 0.91113 0.57312 0.67189 0.49557 0.23666 0.40153 0.31261 0.13021 0.37193 0.00828 0.90778 0.20268 0.65628 0.47870 0.76455 0.54673 0.20405 0.20374 0.33991 0.17491 0.54727 0.19291 0.15895 0.46110 0.65747 0.58248 0.48513 0.49581 0.66216 0.81536 0.27838 0.27303 0.56430 0.36189 0.87425 0.51900 0.29038 0.31909 0.14955 0.56739 0.88133 0.38755 0.71426 0.88172 0.70244 0.49890 0.64231 0.07522 0.55662 0.34122 0.64366 0.69349 0.68768 0.49755 0.43999 0.13508 0.06734 0.82542
0.45280 0.00000 0.15576 0.55286 0.20938 0.69946 0.20680 0.66272 0.33259 0.55219 0.76164 0.47660 0.24041 0.21055 0.15429 0.43284 0.70707 0.45567 0.68222 0.59655 0.68251 0.33839 0.14513 0.47661 0.17948 0.62025 0.40210 0.33693 0.41345 0.20490 0.65602 0.68918 0.23073 0.72333 0.20906 0.25006 0.70034 0.59821 0.48929 0.24608 0.21028 0.07703 0.75684 0.13230 0.24237 0.82516 0.36605 0.69636 0.27795 0.50774 0.12234 0.45724 0.45712 0.25560 0.23261 0.08650 0.33880 0.87914 0.62561 0.43590 0.12908 0.54464 0.12560 0.37108 0.46145 0.71407 0.72725 0.37648 0.05185 0.28106 0.40539 0.68546 0.17443 0.31818 0.15009 0.25890 0.56392 0.33162 0.23826 0.17387 0.37444 0.87583 0.75766 0.27106 0.28070 0.43232 0.62987 0.47086 0.44535 0.40918 0.17151 0.53095 0.60389 0.26122 0.32585 0.67493 0.48604 0.57734 0.40694 0.40579
0.48120 0.15576 0.00000 0.61275 0.35076 0.78770 0.27762 0.78172 0.23191 0.70610 0.84525 0.52961 0.23945 0.36098 0.30807 0.58058 0.78206 0.57401 0.79601 0.63994 0.83827 0.47487 0.15615 0.62719 0.21165 0.77480 0.47040 0.43636 0.36387 0.09882 0.81164 0.84467 0.07728 0.87440 0.06959 0.40394 0.85079 0.50830 0.48807 0.15255 0.35925 0.20657 0.91205 0.24581 0.34802 0.91716 0.46818 0.79393 0.20896 0.49586 0.25579 0.48765 0.45989 0.28271 0.34564 0.24079 0.43696 0.97154 0.67693 0.39473 0.15708 0.61137 0.26048 0.33986 0.53714 0.82280 0.86959 0.53224 0.19964 0.43591 0.55878 0.84122 0.23611 0.43091 0.10736 0.39557 0.70410 0.48640 0.35245 0.16272 0.36139 0.97528 0.91342 0.16268 0.24903 0.43074 0.78373 0.61665 0.60102 0.46023 0.31618 0.64313 0.75509 0.36100 0.46309 0.79815 0.62211 0.61549 0.45434 0.50419
0.16053 0.55286 0.61275 0.00000 0.64679 0.21138 0.34809 0.33507 0.52120 0.74417 0.25091 0.08440 0.79288 0.46482 0.56790 0.73781 0.17743 0.26237 0.31746 0.07620 0.75035 0.73749 0.69537 0.50066 0.40207 0.77642 0.91955 0.24273 0.38809 0.54667 0.76079 0.72874 0.63377 0.91198 0.68078 0.59077 0.90158 0.55015 1.04086 0.51722 0.45574 0.47929 0.85596 0.65684 0.74280 0.33505 0.22916 0.24673 0.46549 0.26519 0.44866 0.15225 1.00835 0.33093 0.72492 0.55638 0.82847 0.38633 0.07789 0.36191 0.46007 0.02831 0.62414 0.35300 0.10382 0.31269 0.54764 0.57876 0.57401 0.51285 0.66493 0.75827 0.38616 0.28430 0.68292 0.38592 0.87875 0.52101 0.33949 0.45110 0.30911 0.40720 0.81758 0.53944 0.82902 0.98448 0.63567 0.44642 0.62637 0.15275 0.61884 0.23725 0.57203 0.76488 0.72666 0.36859 0.37206 0.08772 0.15964 0.88298
0.59036 0.20938 0.35076 0.64679 0.00000 0.74134 0.34835 0.64847 0.54130 0.36787 0.80725 0.58616 0.27997 0.18546 0.08241 0.23097 0.76901 0.46444 0.67795 0.70671 0.52045 0.12935 0.24407 0.37659 0.35904 0.43869 0.28005 0.40449 0.60612 0.41391 0.48565 0.53531 0.42802 0.52681 0.38392 0.09376 0.50248 0.80173 0.45071 0.45518 0.19376 0.22473 0.57887 0.11656 0.11043 0.85371 0.42275 0.72253 0.48300 0.67394 0.22182 0.59248 0.41879 0.42119 0.09037 0.13101 0.18240 0.90455 0.72448 0.62359 0.32489 0.63044 0.09045 0.55755 0.54406 0.71806 0.64477 0.23088 0.15772 0.18199 0.22259 0.52151 0.33532 0.36609 0.28988 0.26738 0.35517 0.21940 0.30898 0.37334 0.55071 0.88895 0.59038 0.48044 0.33634 0.40487 0.49659 0.39536 0.28517 0.52888 0.03889 0.54335 0.48993 0.13051 0.11668 0.65000 0.44400 0.69467 0.53084 0.23695
0.37079 0.69946 0.78770 0.21138 0.74134 0.00000 0.51079 0.19593 0.72550 0.73317 0.06608 0.28752 0.93708 0.55736 0.67238 0.77027 0.07422 0.28011 0.16018 0.24982 0.69008 0.80437 0.84453 0.48298 0.57731 0.74656 1.02139 0.36258 0.59890 0.73443 0.71339 0.66071 0.81994 0.87750 0.85720 0.66590 0.87302 0.75810 1.17163 0.71179 0.54991 0.62248 0.79356 0.78064 0.84793 0.13017 0.33439 0.05549 0.66482 0.47369 0.58153 0.36256 1.13873 0.51640 0.82842 0.68040 0.92154 0.18430 0.20667 0.57324 0.63073 0.19642 0.74256 0.56144 0.25241 0.13083 0.42109 0.60808 0.70816 0.57535 0.69413 0.69875 0.55207 0.38691 0.84239 0.47621 0.89629 0.56445 0.46329 0.63234 0.51710 0.19721 0.74481 0.73664 0.98010 1.11800 0.57128 0.42898 0.63489 0.34622 0.72181 0.20576 0.50665 0.86948 0.79571 0.22827 0.34809 0.27753 0.35584 0.96622
0.24973 0.20680 0.27762 0.34809 0.34835 0.51079 0.00000 0.51198 0.29260 0.59308 0.56959 0.27010 0.44541 0.21259 0.26654 0.51857 0.50938 0.30823 0.52282 0.38976 0.67907 0.46679 0.34744 0.42833 0.07544 0.65047 0.59560 0.16216 0.28151 0.23968 0.66635 0.67438 0.31856 0.77470 0.34721 0.33104 0.75599 0.49347 0.69607 0.23691 0.20432 0.13869 0.77169 0.32341 0.42319 0.63988 0.19426 0.51633 0.21798 0.32577 0.12654 0.25338 0.66392 0.08032 0.40821 0.22995 0.51704 0.69427 0.41944 0.29008 0.12065 0.34209 0.29812 0.22643 0.26264 0.54722 0.63070 0.39913 0.23563 0.29730 0.46398 0.68436 0.04153 0.16810 0.33594 0.18442 0.66414 0.33631 0.10690 0.13417 0.20881 0.69769 0.75622 0.26760 0.48095 0.63903 0.59555 0.39907 0.46846 0.20238 0.31238 0.37083 0.55102 0.44459 0.45417 0.53170 0.37910 0.37078 0.20028 0.57956
0.46673 0.66272 0.78172 0.33507 0.64847 0.19593 0.51198 0.00000 0.77766 0.56349 0.24335 0.38055 0.88457 0.47928 0.59385 0.62592 0.26806 0.20814 0.04037 0.39982 0.50044 0.68416 0.80197 0.32414 0.58678 0.56722 0.92242 0.34999 0.68319 0.75138 0.52764 0.46931 0.82998 0.69383 0.85006 0.56123 0.69174 0.87125 1.09683 0.74233 0.47431 0.58839 0.60209 0.71361 0.75885 0.23978 0.31799 0.14252 0.70771 0.59083 0.54049 0.45956 1.06435 0.54669 0.73879 0.62060 0.81823 0.27904 0.36794 0.66521 0.62920 0.30893 0.67248 0.63513 0.31082 0.08548 0.22673 0.47124 0.65690 0.46828 0.55136 0.50920 0.55209 0.35084 0.81260 0.40822 0.73789 0.44269 0.43014 0.64557 0.59197 0.24962 0.55146 0.77123 0.93408 1.04753 0.38268 0.27714 0.48145 0.41355 0.63807 0.14207 0.31971 0.77889 0.67769 0.03448 0.20764 0.42036 0.42495 0.85280
0.36332 0.33259 0.23191 0.52120 0.54130 0.72550 0.29260 0.77766 0.00000 0.85927 0.77161 0.43918 0.47016 0.47811 0.47651 0.75717 0.69855 0.58682 0.78029 0.52131 0.96349 0.67061 0.38721 0.71917 0.22504 0.92242 0.70075 0.43751 0.16479 0.13669 0.94629 0.96166 0.18670 1.03773 0.26479 0.56672 1.01650 0.27655 0.71217 0.08703 0.47218 0.33191 1.05106 0.45622 0.56540 0.85382 0.46729 0.74756 0.07462 0.32144 0.36414 0.37143 0.68579 0.23400 0.55922 0.41246 0.65898 0.90633 0.56607 0.20011 0.22637 0.53046 0.45766 0.17321 0.48050 0.79539 0.91938 0.66892 0.38443 0.56481 0.71820 0.96815 0.26575 0.45583 0.33913 0.47274 0.89372 0.61071 0.39919 0.18007 0.21421 0.92249 1.04072 0.06923 0.47269 0.65605 0.88593 0.69160 0.74014 0.38001 0.50285 0.63641 0.84319 0.58123 0.65797 0.80218 0.66916 0.49203 0.36996 0.72681
0.76735 0.55219 0.70610 0.74417 0.36787 0.73317 0.59308 0.56349 0.85927 0.00000 0.79373 0.72119 0.63680 0.38397 0.39819 0.15439 0.79000 0.48504 0.60330 0.81919 0.17346 0.28241 0.61191 0.25145 0.64152 0.07106 0.51895 0.53906 0.87425 0.74992 0.12832 0.20168 0.78245 0.18171 0.74776 0.30226 0.16441 1.08652 0.73533 0.78004 0.39111 0.52905 0.21139 0.48442 0.43645 0.80318 0.53431 0.69110 0.78981 0.88531 0.49541 0.76548 0.70930 0.67278 0.42288 0.46585 0.42661 0.84131 0.81528 0.88002 0.63319 0.71842 0.45459 0.81850 0.64908 0.64885 0.43221 0.19395 0.50652 0.29701 0.14753 0.17110 0.60420 0.49445 0.65700 0.41663 0.18570 0.25733 0.49804 0.67931 0.79500 0.80624 0.23054 0.80937 0.69244 0.70705 0.21930 0.30679 0.12621 0.69248 0.39535 0.53761 0.26090 0.44358 0.28763 0.54525 0.38810 0.82097 0.70002 0.41842
0.41116 0.76164 0.84525 0.25091 0.80725 0.06608 0.56959 0.24335 0.77161 0.79373 0.00000 0.33257 1.00010 0.62307 0.73788 0.83475 0.07718 0.34613 0.20417 0.27282 0.74316 0.87029 0.90677 0.54474 0.63400 0.80446 1.08729 0.42526 0.63752 0.78829 0.76866 0.71250 0.87451 0.93391 0.91456 0.73197 0.93039 0.78429 1.23621 0.76308 0.61555 0.68479 0.84534 0.84525 0.91362 0.08709 0.39790 0.10332 0.71382 0.50298 0.64478 0.40289 1.20331 0.57009 0.89415 0.74477 0.98757 0.13569 0.22600 0.60977 0.68869 0.24172 0.80746 0.60388 0.30815 0.16515 0.46147 0.67288 0.77174 0.64138 0.75862 0.75189 0.61056 0.45128 0.90311 0.54177 0.95924 0.63006 0.52669 0.68780 0.56002 0.16352 0.79477 0.78682 1.04233 1.18231 0.62486 0.49140 0.69805 0.39578 0.78744 0.27120 0.56097 0.93522 0.86168 0.27261 0.41109 0.30269 0.40460 1.03229
0.08732 0.47660 0.52961 0.08440 0.58616 0.28752 0.27010 0.38055 0.43918 0.72119 0.33257 0.00000 0.71546 0.40970 0.50528 0.69823 0.26087 0.25881 0.37035 0.12168 0.74680 0.68518 0.61724 0.48854 0.31983 0.76016 0.85338 0.19140 0.31356 0.46233 0.75185 0.72883 0.54945 0.89516 0.59730 0.53844 0.88258 0.49099 0.96578 0.43295 0.40032 0.40509 0.85122 0.58628 0.67721 0.41479 0.18815 0.31543 0.38180 0.21121 0.37864 0.07967 0.93349 0.24723 0.66008 0.48718 0.76590 0.46715 0.14955 0.29057 0.37839 0.09138 0.55573 0.27399 0.08009 0.37386 0.57683 0.54453 0.50124 0.46786 0.62822 0.75426 0.30647 0.23665 0.60243 0.33556 0.84239 0.48331 0.27731 0.36751 0.22961 0.48471 0.81775 0.45546 0.74981 0.90892 0.63682 0.43734 0.59880 0.06954 0.55576 0.25953 0.57578 0.69922 0.67375 0.41189 0.37145 0.10889 0.07550 0.82312
0.68517 0.24041 0.23945 0.79288 0.27997 0.93708 0.44541 0.88457 0.47016 0.63680 1.00010 0.71546 0.00000 0.40733 0.29953 0.48692 0.94702 0.68215 0.90794 0.83426 0.79733 0.35942 0.09905 0.64858 0.40463 0.70769 0.24977 0.57484 0.60048 0.33813 0.75996 0.81397 0.29148 0.77697 0.21447 0.36999 0.75111 0.74540 0.25549 0.39190 0.41133 0.31614 0.84763 0.17681 0.20247 1.06102 0.60272 0.93092 0.44659 0.72215 0.35557 0.69034 0.22504 0.48307 0.21420 0.26399 0.25516 1.11461 0.86485 0.62975 0.34607 0.78501 0.21827 0.57101 0.70179 0.94281 0.91464 0.51019 0.23002 0.44509 0.49759 0.79780 0.40977 0.55176 0.13276 0.47668 0.57400 0.49030 0.47383 0.37589 0.58598 1.10836 0.86472 0.40117 0.05641 0.19751 0.77638 0.65872 0.56472 0.64719 0.26818 0.76003 0.76711 0.20082 0.35179 0.89262 0.69259 0.81372 0.64417 0.31304
0.42653 0.21055 0.36098 0.46482 0.18546 0.55736 0.21259 0.47928 0.47811 0.38397 0.62307 0.40970 0.40733 0.00000 0.11625 0.30775 0.58359 0.28401 0.50508 0.52805 0.48842 0.27559 0.33221 0.26649 0.25764 0.44495 0.46485 0.22216 0.49365 0.38019 0.46869 0.49024 0.43044 0.56482 0.41911 0.12937 0.54526 0.70413 0.62039 0.40280 0.00947 0.15816 0.57315 0.23435 0.29056 0.67259 0.23815 0.54112 0.40705 0.52695 0.11535 0.42726 0.58764 0.29290 0.27108 0.14579 0.36767 0.72440 0.54271 0.50259 0.25461 0.44712 0.19321 0.43895 0.36130 0.54267 0.51863 0.19127 0.18721 0.08714 0.25141 0.49251 0.22032 0.18159 0.35462 0.08193 0.45414 0.13302 0.13617 0.29828 0.42015 0.71198 0.56531 0.43327 0.45897 0.56950 0.42388 0.26121 0.26231 0.35855 0.16456 0.36334 0.39421 0.31214 0.26407 0.48577 0.28562 0.51857 0.36242 0.41895
0.50800 0.15429 0.30807 0.56790 0.08241 0.67238 0.26654 0.59385 0.47651 0.39819 0.73788 0.50528 0.29953 0.11625 0.00000 0.28116 0.69600 0.40025 0.62057 0.62625 0.53386 0.20312 0.23698 0.35162 0.28191 0.46674 0.35302 0.32675 0.52954 0.35628 0.50490 0.54328 0.38427 0.56923 0.35337 0.09593 0.54643 0.72948 0.50429 0.39236 0.12290 0.14921 0.60428 0.12295 0.17676 0.78866 0.34707 0.65717 0.41383 0.59230 0.14017 0.51016 0.47157 0.34070 0.15798 0.06779 0.26084 0.84058 0.64534 0.54547 0.25366 0.55254 0.08129 0.47951 0.46596 0.65863 0.61572 0.22912 0.10897 0.14721 0.25115 0.53625 0.25555 0.29068 0.27116 0.19620 0.41790 0.19526 0.22877 0.30232 0.47070 0.82817 0.60778 0.41971 0.35357 0.45386 0.49159 0.35924 0.29518 0.44704 0.05098 0.47958 0.47419 0.19871 0.19028 0.59886 0.39554 0.61353 0.44880 0.31837
0.72809 0.43284 0.58058 0.73781 0.23097 0.77027 0.51857 0.62592 0.75717 0.15439 0.83475 0.69823 0.48692 0.30775 0.28116 0.00000 0.81678 0.49759 0.66313 0.80873 0.32576 0.12884 0.47092 0.30291 0.55266 0.22349 0.36788 0.50721 0.79697 0.63691 0.28235 0.35048 0.65784 0.29625 0.61478 0.19180 0.27165 1.00351 0.58272 0.67347 0.31672 0.42649 0.36190 0.34525 0.28494 0.85941 0.51180 0.73638 0.69267 0.83394 0.40342 0.72787 0.55604 0.59846 0.27283 0.34747 0.27277 0.90348 0.81380 0.80827 0.53242 0.71511 0.32124 0.74360 0.63585 0.70816 0.54186 0.16293 0.38311 0.23229 0.07614 0.32421 0.51994 0.46168 0.51941 0.36631 0.14661 0.21681 0.44035 0.58069 0.72716 0.87537 0.38487 0.70086 0.54188 0.55308 0.34538 0.34921 0.14747 0.65642 0.26441 0.56518 0.36739 0.29057 0.13527 0.61512 0.42561 0.80473 0.66189 0.27023
0.33650 0.70707 0.78206 0.17743 0.76901 0.07422 0.50938 0.26806 0.69855 0.79000 0.07718 0.26087 0.94702 0.58359 0.69600 0.81678 0.00000 0.31979 0.23364 0.19566 0.75625 0.84137 0.85188 0.53861 0.57042 0.80746 1.04821 0.37452 0.56168 0.72095 0.77744 0.72798 0.80770 0.93996 0.85096 0.69914 0.93431 0.70719 1.18802 0.69349 0.57548 0.63088 0.86056 0.79810 0.87271 0.16423 0.35007 0.12967 0.64264 0.42584 0.59363 0.32824 1.15518 0.50337 0.85365 0.69698 0.95091 0.21205 0.14898 0.53345 0.62660 0.17199 0.76178 0.52941 0.24685 0.20494 0.49422 0.65386 0.72102 0.61131 0.74087 0.76484 0.54963 0.40573 0.84494 0.50166 0.94742 0.60578 0.47686 0.62248 0.48586 0.24030 0.81320 0.71632 0.98712 1.13311 0.63736 0.48354 0.68630 0.32659 0.74642 0.25368 0.57232 0.89458 0.83199 0.30111 0.40210 0.22551 0.33470 0.99906
0.32936 0.45567 0.57401 0.26237 0.46444 0.28011 0.30823 0.20814 0.58682 0.48504 0.34613 0.25881 0.68215 0.28401 0.40025 0.49759 0.31979 0.00000 0.22669 0.33847 0.49023 0.52442 0.59660 0.23845 0.38364 0.51442 0.74403 0.14961 0.51574 0.54775 0.49879 0.47078 0.62418 0.64994 0.64213 0.38618 0.64008 0.71996 0.90415 0.54301 0.27759 0.38069 0.59542 0.51544 0.57288 0.38932 0.11962 0.25809 0.51418 0.45943 0.33333 0.32442 0.87135 0.35285 0.55307 0.41881 0.64290 0.44062 0.33069 0.50481 0.42289 0.23541 0.47534 0.46248 0.17914 0.26071 0.33858 0.33471 0.45277 0.29525 0.42194 0.49794 0.34714 0.14323 0.60523 0.20655 0.63130 0.28618 0.22203 0.44240 0.42286 0.42837 0.55979 0.57292 0.73007 0.85262 0.37837 0.18405 0.37229 0.25920 0.44792 0.07933 0.31697 0.59403 0.51565 0.22449 0.11272 0.34472 0.27003 0.68630
0.45747 0.68222 0.79601 0.31746 0.67795 0.16018 0.52282 0.04037 0.78029 0.60330 0.20417 0.37035 0.90794 0.50508 0.62057 0.66313 0.23364 0.22669 0.00000 0.37792 0.54048 0.71813 0.82324 0.36229 0.59674 0.60754 0.95370 0.36083 0.67849 0.76102 0.56795 0.50910 0.84138 0.73418 0.86489 0.59227 0.73211 0.86105 1.12454 0.74919 0.49960 0.60688 0.64180 0.73891 0.78811 0.19989 0.32874 0.10537 0.71185 0.57828 0.55990 0.44997 1.09192 0.55206 0.76807 0.64411 0.84996 0.24059 0.34306 0.65873 0.64170 0.29276 0.69812 0.63235 0.30568 0.04562 0.26094 0.50695 0.67906 0.49917 0.58819 0.54924 0.56360 0.36653 0.83156 0.43132 0.77686 0.47588 0.44672 0.65527 0.58858 0.21408 0.59071 0.77744 0.95643 1.07442 0.42288 0.31395 0.51947 0.40936 0.66594 0.15290 0.36004 0.80847 0.71132 0.06875 0.24145 0.40034 0.42061 0.88616
0.16175 0.59655 0.63994 0.07620 0.70671 0.24982 0.38976 0.39982 0.52131 0.81919 0.27282 0.12168 0.83426 0.52805 0.62625 0.80873 0.19566 0.33847 0.37792 0.00000 0.82646 0.80278 0.73563 0.57663 0.43403 0.85226 0.97501 0.30673 0.37364 0.56534 0.83698 0.80466 0.65232 0.98783 0.70598 0.65585 0.97721 0.51161 1.08583 0.52997 0.51878 0.52606 0.93210 0.70785 0.79876 0.35989 0.29739 0.29473 0.47386 0.23084 0.50031 0.15437 1.05367 0.35801 0.78154 0.60886 0.88702 0.40666 0.04745 0.34321 0.49324 0.10393 0.67741 0.34843 0.17297 0.36657 0.61777 0.65112 0.62248 0.58129 0.73669 0.83441 0.42451 0.35047 0.71824 0.45145 0.95086 0.59218 0.39774 0.47724 0.30736 0.43579 0.89345 0.54887 0.86691 1.02874 0.71157 0.52251 0.70044 0.18737 0.67686 0.31172 0.64776 0.82078 0.79161 0.43400 0.44823 0.03054 0.19010 0.94361
0.80830 0.68251 0.83827 0.75035 0.52045 0.69008 0.67907 0.50044 0.96349 0.17346 0.74316 0.74680 0.79733 0.48842 0.53386 0.32576 0.75625 0.49023 0.54048 0.82646 0.00000 0.45117 0.76210 0.26204 0.73911 0.11671 0.69224 0.58641 0.95178 0.86815 0.04888 0.03748 0.91217 0.20262 0.88711 0.44107 0.20838 1.16549 0.90821 0.89083 0.49323 0.64497 0.10577 0.63526 0.60091 0.73415 0.57242 0.64053 0.89056 0.93480 0.60374 0.80475 0.88177 0.75450 0.58574 0.59890 0.59852 0.76378 0.81267 0.95151 0.74277 0.72256 0.60102 0.89520 0.66834 0.58366 0.31579 0.30605 0.64225 0.40501 0.29976 0.00879 0.69905 0.54692 0.80281 0.49466 0.34053 0.35583 0.57456 0.78504 0.86510 0.72159 0.07726 0.92148 0.85357 0.87870 0.11890 0.30984 0.23884 0.73369 0.54209 0.51976 0.18398 0.61010 0.45496 0.47417 0.37848 0.83456 0.74304 0.59188
0.69976 0.33839 0.47487 0.73749 0.12935 0.80437 0.46679 0.68416 0.67061 0.28241 0.87029 0.68518 0.35942 0.27559 0.20312 0.12884 0.84137 0.52442 0.71813 0.80278 0.45117 0.00000 0.35145 0.37638 0.48490 0.35217 0.25424 0.49610 0.73251 0.54238 0.40945 0.47337 0.55169 0.41850 0.50125 0.14693 0.39293 0.93038 0.46241 0.58438 0.28501 0.35136 0.49072 0.23083 0.15697 0.90643 0.50856 0.77790 0.61215 0.79191 0.34179 0.70099 0.43415 0.54289 0.14649 0.25982 0.15183 0.95431 0.81527 0.74857 0.45347 0.71813 0.21584 0.68262 0.63367 0.76135 0.63611 0.21789 0.28659 0.23006 0.16144 0.45027 0.45839 0.45324 0.40267 0.35167 0.22944 0.24272 0.41065 0.50205 0.67312 0.93219 0.51287 0.60934 0.41388 0.42887 0.45617 0.41121 0.24166 0.63356 0.16804 0.59969 0.46664 0.16175 0.01286 0.67920 0.47679 0.79400 0.63696 0.16976
0.58612 0.14513 0.15615 0.69537 0.24407 0.84453 0.34744 0.80197 0.38721 0.61191 0.90677 0.61724 0.09905 0.33221 0.23698 0.47092 0.85188 0.59660 0.82324 0.73563 0.76210 0.35145 0.00000 0.58772 0.30560 0.68276 0.31425 0.48197 0.50770 0.25146 0.72886 0.77472 0.22205 0.76690 0.15586 0.32232 0.74190 0.66376 0.35409 0.30463 0.33468 0.22205 0.82292 0.12756 0.20599 0.96993 0.51084 0.84075 0.35574 0.62482 0.26494 0.59129 0.32316 0.38404 0.20885 0.18653 0.28695 1.02383 0.76673 0.53577 0.24715 0.68822 0.16160 0.47553 0.60583 0.85640 0.84887 0.46259 0.14595 0.38367 0.46636 0.76361 0.31114 0.46185 0.05493 0.39426 0.57856 0.43222 0.38252 0.27836 0.48870 1.01967 0.83337 0.31808 0.13557 0.29618 0.72761 0.59116 0.52419 0.54874 0.22005 0.67318 0.71113 0.21477 0.34124 0.81222 0.61692 0.71487 0.54553 0.35285
0.54690 0.47661 0.62719 0.50066 0.37659 0.48298 0.42833 0.32414 0.71917 0.25145 0.54474 0.48854 0.64858 0.26649 0.35162 0.30291 0.53861 0.23845 0.36229 0.57663 0.26204 0.37638 0.58772 0.00000 0.49448 0.27603 0.62709 0.32448 0.69354 0.63852 0.26336 0.25037 0.69516 0.41150 0.68549 0.28284 0.40205 0.90669 0.82206 0.65328 0.26795 0.42215 0.36423 0.47225 0.48254 0.56082 0.31059 0.44307 0.64490 0.67286 0.37504 0.54358 0.79110 0.49991 0.46320 0.40422 0.52207 0.60285 0.56873 0.69158 0.50830 0.47384 0.43156 0.63707 0.41177 0.40773 0.26820 0.15863 0.44810 0.20441 0.22998 0.26883 0.45360 0.28583 0.61674 0.24677 0.41568 0.15844 0.32163 0.54568 0.60526 0.57303 0.33679 0.68449 0.70373 0.77947 0.16727 0.05557 0.15733 0.47207 0.38088 0.28626 0.12801 0.49934 0.37236 0.31223 0.13665 0.58156 0.48126 0.54583
0.28081 0.17948 0.21165 0.40207 0.35904 0.57731 0.07544 0.58678 0.22504 0.64152 0.63400 0.31983 0.40463 0.25764 0.28191 0.55266 0.57042 0.38364 0.59674 0.43403 0.73911 0.48490 0.30560 0.49448 0.00000 0.70234 0.58123 0.23679 0.24763 0.16459 0.72321 0.73674 0.24538 0.82200 0.28068 0.36113 0.80196 0.45084 0.65942 0.16263 0.25085 0.13436 0.82829 0.30922 0.41663 0.70715 0.26881 0.58609 0.15148 0.32831 0.14934 0.28622 0.62812 0.07845 0.40432 0.23009 0.51289 0.76147 0.46855 0.26464 0.05930 0.39988 0.29275 0.19862 0.32586 0.61995 0.70477 0.44878 0.22126 0.34476 0.50531 0.74393 0.04092 0.24329 0.28434 0.24782 0.69533 0.38856 0.17708 0.05884 0.19617 0.76720 0.81636 0.19364 0.43375 0.60162 0.66103 0.46876 0.51961 0.25029 0.32068 0.44530 0.61931 0.43675 0.47204 0.60690 0.45296 0.41158 0.24530 0.57844
0.81176 0.62025 0.77480 0.77642 0.43869 0.74656 0.65047 0.56722 0.92242 0.07106 0.80446 0.76016 0.70769 0.44495 0.46674 0.22349 0.80746 0.51442 0.60754 0.85226 0.11671 0.35217 0.68276 0.27603 0.70234 0.00000 0.58353 0.58398 0.93038 0.81603 0.06788 0.15088 0.85084 0.13557 0.81760 0.37091 0.12694 1.14356 0.80077 0.84456 0.45151 0.59397 0.14034 0.55523 0.50701 0.80625 0.57606 0.70117 0.85194 0.93300 0.55829 0.80933 0.77547 0.72936 0.49367 0.53416 0.49394 0.84089 0.84473 0.93442 0.69701 0.74976 0.52495 0.87422 0.68533 0.65252 0.41069 0.25369 0.57543 0.35787 0.21738 0.11200 0.66411 0.54060 0.72752 0.47011 0.22392 0.31447 0.55192 0.74235 0.84870 0.80251 0.16262 0.87425 0.76325 0.77421 0.19609 0.33106 0.18273 0.73656 0.46563 0.55906 0.25071 0.51369 0.35783 0.54540 0.41003 0.85630 0.74475 0.48167
0.84521 0.40210 0.47040 0.91955 0.28005 1.02139 0.59560 0.92242 0.70075 0.51895 1.08729 0.85338 0.24977 0.46485 0.35302 0.36788 1.04821 0.74403 0.95370 0.97501 0.69224 0.25424 0.31425 0.62709 0.58123 0.58353 0.00000 0.67957 0.81046 0.56431 0.64699 0.71819 0.53349 0.61430 0.46006 0.36143 0.58808 0.97710 0.21773 0.61664 0.47280 0.45749 0.71389 0.27311 0.17678 1.13303 0.70004 1.00205 0.66379 0.90950 0.47552 0.84859 0.19465 0.65560 0.19507 0.36721 0.10517 1.18342 0.99655 0.83535 0.53035 0.90504 0.29840 0.77161 0.81843 0.99494 0.88979 0.46878 0.36182 0.45453 0.41500 0.69005 0.57086 0.64355 0.36584 0.54670 0.39531 0.48163 0.58010 0.57194 0.77653 1.16621 0.74600 0.63183 0.28127 0.19943 0.70880 0.65713 0.49572 0.79133 0.30219 0.82267 0.72088 0.15469 0.25608 0.92108 0.71542 0.96015 0.79153 0.10347
0.22831 0.33693 0.43636 0.24273 0.40449 0.36258 0.16216 0.34999 0.43751 0.53906 0.42526 0.19140 0.57484 0.22216 0.32675 0.50721 0.37452 0.14961 0.36083 0.30673 0.58641 0.49610 0.48197 0.32448 0.23679 0.58398 0.67957 0.00000 0.37699 0.40138 0.58420 0.57413 0.48064 0.71709 0.50565 0.34917 0.70259 0.58719 0.81351 0.39406 0.21304 0.25993 0.68735 0.42376 0.50291 0.48853 0.03211 0.36090 0.36463 0.34982 0.21972 0.22645 0.78067 0.20351 0.48453 0.32258 0.58656 0.54265 0.32060 0.37086 0.28101 0.22599 0.38814 0.32170 0.13958 0.38645 0.48382 0.35605 0.34698 0.27647 0.43815 0.59305 0.20277 0.04569 0.48141 0.14479 0.65195 0.29357 0.10233 0.29559 0.28556 0.54166 0.66121 0.42371 0.61753 0.75873 0.48656 0.28128 0.41424 0.15345 0.37772 0.20868 0.43250 0.52497 0.48501 0.37053 0.23846 0.29926 0.16103 0.64032
0.22814 0.41345 0.36387 0.38809 0.60612 0.59890 0.28151 0.68319 0.16479 0.87425 0.63752 0.31356 0.60048 0.49365 0.52954 0.79697 0.56168 0.51574 0.67849 0.37364 0.95178 0.73251 0.50770 0.69354 0.24763 0.93038 0.81046 0.37699 0.00000 0.26628 0.94274 0.94358 0.33928 1.05594 0.41241 0.60652 1.03742 0.21382 0.85186 0.21429 0.48559 0.38147 1.04788 0.54567 0.65579 0.72279 0.40053 0.62898 0.15498 0.15835 0.39457 0.23636 0.82337 0.20148 0.64541 0.47605 0.75225 0.77320 0.42036 0.03534 0.28519 0.40300 0.53525 0.05658 0.37298 0.68597 0.85421 0.68035 0.46135 0.57880 0.74497 0.95765 0.27720 0.40935 0.46795 0.46074 0.94110 0.61709 0.37910 0.23976 0.09294 0.79527 1.02829 0.21730 0.61283 0.79441 0.85940 0.65549 0.74913 0.26967 0.56754 0.54820 0.80808 0.67462 0.71965 0.71174 0.61495 0.34332 0.25828 0.81913
0.40399 0.20490 0.09882 0.54667 0.41391 0.73443 0.23968 0.75138 0.13669 0.74992 0.78829 0.46233 0.33813 0.38019 0.35628 0.63691 0.72095 0.54775 0.76102 0.56534 0.86815 0.54238 0.25146 0.63852 0.16459 0.81603 0.56431 0.40138 0.26628 0.00000 0.84623 0.87042 0.08721 0.92460 0.14844 0.45035 0.90222 0.41280 0.58640 0.05377 0.37609 0.22334 0.94942 0.32207 0.43016 0.86460 0.43339 0.74674 0.11143 0.40411 0.26550 0.41110 0.55850 0.21823 0.42486 0.28944 0.52296 0.91866 0.60529 0.29804 0.13111 0.54896 0.32711 0.24645 0.48204 0.78335 0.86348 0.56552 0.25622 0.46344 0.60499 0.87199 0.20088 0.40621 0.20563 0.39469 0.76879 0.51232 0.33471 0.10582 0.27269 0.92714 0.94477 0.06888 0.34689 0.52924 0.80168 0.61953 0.63639 0.39458 0.37634 0.60984 0.76590 0.44543 0.52997 0.77138 0.61197 0.53905 0.38708 0.59075
0.80934 0.65602 0.81164 0.76079 0.48565 0.71339 0.66635 0.52764 0.94629 0.12832 0.76866 0.75185 0.75996 0.46869 0.50490 0.28235 0.77744 0.49879 0.56795 0.83698 0.04888 0.40945 0.72886 0.26336 0.72321 0.06788 0.64699 0.58420 0.94274 0.84623 0.00000 0.08421 0.88654 0.16681 0.85808 0.41042 0.16826 1.15654 0.86359 0.87136 0.47424 0.62294 0.10534 0.60149 0.56153 0.76428 0.57269 0.66551 0.87425 0.93392 0.58381 0.80626 0.83761 0.74345 0.54705 0.57115 0.55487 0.79613 0.82582 0.94426 0.72318 0.73341 0.56874 0.88622 0.67468 0.61205 0.35490 0.28088 0.61380 0.38315 0.26325 0.04426 0.68378 0.54287 0.77128 0.48270 0.29166 0.33573 0.56386 0.76682 0.85797 0.75551 0.10484 0.90167 0.81598 0.83530 0.14616 0.31528 0.21075 0.73428 0.50945 0.53502 0.20795 0.56973 0.41396 0.50323 0.38934 0.84338 0.74317 0.54595
0.79297 0.68918 0.84467 0.72874 0.53531 0.66071 0.67438 0.46931 0.96166 0.20168 0.71250 0.72883 0.81397 0.49024 0.54328 0.35048 0.72798 0.47078 0.50910 0.80466 0.03748 0.47337 0.77472 0.25037 0.73674 0.15088 0.71819 0.57413 0.94358 0.87042 0.08421 0.00000 0.91755 0.23941 0.89557 0.45253 0.24575 1.15691 0.93309 0.89100 0.49442 0.64794 0.13289 0.64872 0.62007 0.70113 0.55839 0.61032 0.88816 0.92061 0.60512 0.78911 0.90605 0.74827 0.60422 0.60697 0.62252 0.72972 0.78919 0.94195 0.74339 0.70074 0.61319 0.88705 0.64970 0.55171 0.27949 0.31420 0.65078 0.40923 0.31780 0.04543 0.69630 0.53618 0.81372 0.49024 0.37461 0.35914 0.56871 0.78443 0.85561 0.68687 0.08902 0.92188 0.87034 0.90201 0.09311 0.29425 0.25066 0.71887 0.55481 0.49571 0.15773 0.63029 0.47633 0.44211 0.35824 0.81386 0.72852 0.61893
0.49083 0.23073 0.07728 0.63377 0.42802 0.81994 0.31856 0.82998 0.18670 0.78245 0.87451 0.54945 0.29148 0.43044 0.38427 0.65784 0.80770 0.62418 0.84138 0.65232 0.91217 0.55169 0.22205 0.69516 0.24538 0.85084 0.53349 0.48064 0.33928 0.08721 0.88654 0.91755 0.00000 0.95147 0.07902 0.48020 0.92793 0.45635 0.52645 0.12795 0.42789 0.27304 0.98756 0.32191 0.42156 0.95008 0.51275 0.83086 0.18913 0.48490 0.32057 0.49801 0.50081 0.30451 0.42032 0.31669 0.50791 1.00424 0.69246 0.37296 0.20137 0.63574 0.33770 0.32701 0.56756 0.86526 0.93094 0.60642 0.27635 0.50833 0.63528 0.91533 0.27796 0.48128 0.16818 0.45758 0.78103 0.55857 0.40597 0.18809 0.35659 1.01167 0.98773 0.12254 0.28785 0.47091 0.85427 0.68134 0.67580 0.48153 0.39344 0.68927 0.82317 0.43335 0.54000 0.84858 0.68100 0.62584 0.47415 0.57445
0.94526 0.72333 0.87440 0.91198 0.52681 0.87750 0.77470 0.69383 1.03773 0.18171 0.93391 0.89516 0.77697 0.56482 0.56923 0.29625 0.93996 0.64994 0.73418 0.98783 0.20262 0.41850 0.76690 0.41150 0.82200 0.13557 0.61430 0.71709 1.05594 0.92460 0.16681 0.23941 0.95147 0.00000 0.91072 0.47429 0.02633 1.26808 0.83041 0.95706 0.57218 0.70627 0.13620 0.64150 0.57477 0.93100 0.71026 0.83062 0.96925 1.06508 0.67481 0.94304 0.80889 0.85446 0.56500 0.63691 0.53994 0.96291 0.98012 1.06170 0.81136 0.88530 0.61670 1.00021 0.82070 0.77849 0.51837 0.37559 0.67533 0.47813 0.31993 0.19419 0.78514 0.67314 0.81567 0.59804 0.21957 0.43903 0.67957 0.85815 0.97660 0.92205 0.19389 0.98584 0.83041 0.81260 0.31296 0.46639 0.30753 0.87014 0.55886 0.69334 0.37421 0.57671 0.42737 0.66988 0.54482 0.99179 0.87809 0.51106
0.54613 0.20906 0.06959 0.68078 0.38392 0.85720 0.34721 0.85006 0.26479 0.74776 0.91456 0.59730 0.21447 0.41911 0.35337 0.61478 0.85096 0.64213 0.86489 0.70598 0.88711 0.50125 0.15586 0.68549 0.28068 0.81760 0.46006 0.50565 0.41241 0.14844 0.85808 0.89557 0.07902 0.91072 0.00000 0.44781 0.88638 0.53534 0.44762 0.19822 0.41829 0.26951 0.95641 0.27082 0.36125 0.98670 0.53740 0.86351 0.25880 0.55253 0.31921 0.55282 0.42182 0.35008 0.36272 0.28860 0.44231 1.04108 0.74384 0.44513 0.22666 0.67997 0.29423 0.39488 0.60642 0.89204 0.93269 0.58159 0.24490 0.48934 0.60031 0.88959 0.30570 0.49924 0.10109 0.45959 0.73018 0.53988 0.42023 0.22979 0.42038 1.04486 0.96115 0.19854 0.20883 0.39193 0.83851 0.67794 0.64854 0.52809 0.35289 0.71199 0.81291 0.37061 0.49026 0.86597 0.68702 0.68091 0.52188 0.50749
0.55549 0.25006 0.40394 0.59077 0.09376 0.66590 0.33104 0.56123 0.56672 0.30226 0.73197 0.53844 0.36999 0.12937 0.09593 0.19180 0.69914 0.38618 0.59227 0.65585 0.44107 0.14693 0.32232 0.28284 0.36113 0.37091 0.36143 0.34917 0.60652 0.45035 0.41042 0.45253 0.48020 0.47429 0.44781 0.00000 0.45188 0.81191 0.54268 0.48415 0.13884 0.23517 0.50885 0.19762 0.20171 0.77346 0.36206 0.64315 0.50121 0.65264 0.21214 0.55637 0.51107 0.40995 0.18192 0.16363 0.25807 0.82313 0.66859 0.61910 0.34116 0.57173 0.16073 0.55390 0.48696 0.63362 0.55101 0.14103 0.20453 0.09311 0.15534 0.44305 0.32932 0.30647 0.36174 0.20486 0.33459 0.12591 0.26533 0.38923 0.53973 0.80493 0.51397 0.51234 0.42604 0.49798 0.40736 0.30254 0.20238 0.48792 0.10321 0.46372 0.39747 0.22014 0.13591 0.56094 0.35485 0.64720 0.49172 0.30041
0.93090 0.70034 0.85079 0.90158 0.50248 0.87302 0.75599 0.69174 1.01650 0.16441 0.93039 0.88258 0.75111 0.54526 0.54643 0.27165 0.93431 0.64008 0.73211 0.97721 0.20838 0.39293 0.74190 0.40205 0.80196 0.12694 0.58808 0.70259 1.03742 0.90222 0.16826 0.24575 0.92793 0.02633 0.88638 0.45188 0.00000 1.24910 0.80430 0.93533 0.55279 0.68478 0.15372 0.61681 0.54901 0.92993 0.69675 0.82707 0.94850 1.04957 0.65422 0.92886 0.78269 0.83595 0.53941 0.61401 0.51363 0.96306 0.97067 1.04382 0.79014 0.87516 0.59254 0.98189 0.80895 0.77677 0.52274 0.35731 0.65199 0.45892 0.29831 0.20033 0.76549 0.65826 0.79095 0.58092 0.19356 0.42120 0.66220 0.83717 0.95902 0.92317 0.20880 0.96392 0.80444 0.78632 0.31358 0.45734 0.29062 0.85589 0.53497 0.68593 0.37292 0.55075 0.40194 0.66876 0.53676 0.98044 0.86362 0.48481
0.40453 0.59821 0.50830 0.55015 0.80173 0.75810 0.49347 0.87125 0.27655 1.08652 0.78429 0.49099 0.74540 0.70413 0.72948 1.00351 0.70719 0.71996 0.86105 0.51161 1.16549 0.93038 0.66376 0.90669 0.45084 1.14356 0.97710 0.58719 0.21382 0.41280 1.15654 1.15691 0.45635 1.26808 0.53534 0.81191 1.24910 0.00000 0.98178 0.36085 0.69640 0.58030 1.26169 0.72695 0.83723 0.87138 0.60864 0.79683 0.32026 0.28498 0.60014 0.41170 0.95685 0.41420 0.82955 0.67074 0.93214 0.91700 0.55829 0.21638 0.47692 0.57130 0.72359 0.27038 0.56219 0.86161 1.05634 0.89258 0.64912 0.79018 0.95469 1.17139 0.48475 0.62163 0.61532 0.67434 1.14574 0.82973 0.59280 0.42840 0.30193 0.94740 1.24192 0.34573 0.74412 0.92687 1.07201 0.86747 0.96187 0.46384 0.76285 0.74344 1.01954 0.85408 0.91755 0.90202 0.82333 0.48216 0.45251 0.99993
0.93938 0.48929 0.48807 1.04086 0.45071 1.17163 0.69607 1.09683 0.71217 0.73533 1.23621 0.96578 0.25549 0.62039 0.50429 0.58272 1.18802 0.90415 1.12454 1.08583 0.90821 0.46241 0.35409 0.82206 0.65942 0.80077 0.21773 0.81351 0.85186 0.58640 0.86359 0.93309 0.52645 0.83041 0.44762 0.54268 0.80430 0.98178 0.00000 0.63970 0.62658 0.56157 0.93163 0.39099 0.34098 1.29119 0.83899 1.15984 0.69702 0.97730 0.59483 0.94433 0.03291 0.73787 0.36085 0.49154 0.31105 1.34368 1.11452 0.88223 0.60121 1.03106 0.42956 0.82497 0.94612 1.16291 1.08910 0.66694 0.46773 0.63269 0.62357 0.90631 0.66230 0.78494 0.38515 0.69837 0.61091 0.66829 0.71119 0.63128 0.84116 1.33236 0.96334 0.64478 0.23983 0.05799 0.91834 0.84520 0.70269 0.89846 0.45877 0.98342 0.92506 0.32299 0.46171 1.09985 0.89422 1.06631 0.89608 0.32097
0.36825 0.24608 0.15255 0.51722 0.45518 0.71179 0.23691 0.74233 0.08703 0.78004 0.76308 0.43295 0.39190 0.40280 0.39236 0.67347 0.69349 0.54301 0.74919 0.52997 0.89083 0.58438 0.30463 0.65328 0.16263 0.84456 0.61664 0.39406 0.21429 0.05377 0.87136 0.89100 0.12795 0.95706 0.19822 0.48415 0.93533 0.36085 0.63970 0.00000 0.39765 0.25101 0.97551 0.36923 0.47857 0.84174 0.42549 0.72774 0.06125 0.35697 0.28755 0.37576 0.61199 0.19793 0.47223 0.32727 0.57246 0.89539 0.57167 0.24692 0.14819 0.52192 0.37085 0.19906 0.46054 0.76877 0.86734 0.59194 0.29793 0.48840 0.63715 0.89510 0.20287 0.40490 0.25937 0.40685 0.80854 0.53581 0.33947 0.10766 0.22949 0.90668 0.96787 0.03125 0.40003 0.58266 0.81864 0.63006 0.66317 0.36735 0.41691 0.60026 0.77939 0.49460 0.57180 0.76425 0.61556 0.50259 0.35885 0.64030
0.41709 0.21028 0.35925 0.45574 0.19376 0.54991 0.20432 0.47431 0.47218 0.39111 0.61555 0.40032 0.41133 0.00947 0.12290 0.31672 0.57548 0.27759 0.49960 0.51878 0.49323 0.28501 0.33468 0.26795 0.25085 0.45151 0.47280 0.21304 0.48559 0.37609 0.47424 0.49442 0.42789 0.57218 0.41829 0.13884 0.55279 0.69640 0.62658 0.39765 0.00000 0.15507 0.57889 0.23939 0.29810 0.66575 0.22940 0.53427 0.40076 0.51777 0.11071 0.41780 0.59380 0.28464 0.27872 0.14867 0.37609 0.71772 0.53362 0.49421 0.24954 0.43819 0.19853 0.43074 0.35228 0.53681 0.51768 0.19794 0.18917 0.09411 0.25968 0.49745 0.21309 0.17279 0.35572 0.07393 0.46317 0.13854 0.12672 0.29258 0.41153 0.70580 0.57023 0.42826 0.46251 0.57536 0.42682 0.26069 0.26879 0.34908 0.17190 0.35689 0.39586 0.31976 0.27347 0.48138 0.28244 0.50920 0.35296 0.42780
0.38833 0.07703 0.20657 0.47929 0.22473 0.62248 0.13869 0.58839 0.33191 0.52905 0.68479 0.40509 0.31614 0.15816 0.14921 0.42649 0.63088 0.38069 0.60688 0.52606 0.64497 0.35136 0.22205 0.42215 0.13436 0.59397 0.45749 0.25993 0.38147 0.22334 0.62294 0.64794 0.27304 0.70627 0.26951 0.23517 0.68478 0.58030 0.56157 0.25101 0.15507 0.00000 0.72634 0.18483 0.28707 0.74814 0.28904 0.61942 0.26618 0.45606 0.04972 0.39206 0.52908 0.20091 0.27329 0.09626 0.38236 0.80213 0.55321 0.39900 0.10599 0.46996 0.16182 0.33297 0.38594 0.63802 0.66344 0.34238 0.09699 0.24012 0.38647 0.64874 0.11461 0.24172 0.22471 0.19010 0.56620 0.28923 0.16155 0.15422 0.32817 0.79907 0.72150 0.28036 0.35762 0.50525 0.58186 0.41010 0.41340 0.33914 0.18632 0.45507 0.55016 0.30803 0.33850 0.60173 0.41774 0.50829 0.33791 0.44671
0.91113 0.75684 0.91205 0.85596 0.57887 0.79356 0.77169 0.60209 1.05106 0.21139 0.84534 0.85122 0.84763 0.57315 0.60428 0.36190 0.86056 0.59542 0.64180 0.93210 0.10577 0.49072 0.82292 0.36423 0.82829 0.14034 0.71389 0.68735 1.04788 0.94942 0.10534 0.13289 0.98756 0.13620 0.95641 0.50885 0.15372 1.26169 0.93163 0.97551 0.57889 0.72634 0.00000 0.69538 0.64646 0.83272 0.67472 0.74321 0.97922 1.03669 0.68805 0.90780 0.90758 0.84875 0.63349 0.67126 0.62874 0.85996 0.91844 1.04911 0.82739 0.82820 0.66458 0.99134 0.77311 0.68416 0.40556 0.38396 0.71322 0.48712 0.35696 0.09770 0.78896 0.64667 0.86727 0.58801 0.33150 0.44035 0.66910 0.87141 0.96277 0.81596 0.06044 1.00569 0.90305 0.90794 0.22369 0.41389 0.31304 0.83626 0.60521 0.62548 0.28891 0.65247 0.49695 0.57456 0.48398 0.93995 0.84538 0.61081
0.57312 0.13230 0.24581 0.65684 0.11656 0.78064 0.32341 0.71361 0.45622 0.48442 0.84525 0.58628 0.17681 0.23435 0.12295 0.34525 0.79810 0.51544 0.73891 0.70785 0.63526 0.23083 0.12756 0.47225 0.30922 0.55523 0.27311 0.42376 0.54567 0.32207 0.60149 0.64872 0.32191 0.64150 0.27082 0.19762 0.61681 0.72695 0.39099 0.36923 0.23939 0.18483 0.69538 0.00000 0.11058 0.90071 0.44841 0.76950 0.40718 0.63704 0.20822 0.57677 0.35809 0.38263 0.10300 0.10120 0.20671 0.95347 0.73250 0.56816 0.26128 0.64490 0.04172 0.50322 0.55893 0.77563 0.73787 0.33863 0.08872 0.26838 0.33882 0.63662 0.29776 0.39401 0.17417 0.30893 0.46018 0.31428 0.32153 0.30596 0.50523 0.94371 0.70608 0.39074 0.23151 0.33782 0.60484 0.48196 0.39806 0.52203 0.09441 0.59440 0.59229 0.12895 0.21961 0.71991 0.51777 0.69132 0.52146 0.27402
0.67189 0.24237 0.34802 0.74280 0.11043 0.84793 0.42319 0.75885 0.56540 0.43645 0.91362 0.67721 0.20247 0.29056 0.17676 0.28494 0.87271 0.57288 0.78811 0.79876 0.60091 0.15697 0.20599 0.48254 0.41663 0.50701 0.17678 0.50291 0.65579 0.43016 0.56153 0.62007 0.42156 0.57477 0.36125 0.20171 0.54901 0.83723 0.34098 0.47857 0.29810 0.28707 0.64646 0.11058 0.00000 0.96217 0.52379 0.83081 0.51767 0.74283 0.30051 0.67493 0.30938 0.48768 0.02007 0.19329 0.09653 1.01341 0.81985 0.67772 0.37091 0.72828 0.12532 0.61247 0.64167 0.82794 0.75046 0.33060 0.19556 0.29217 0.30229 0.60077 0.40163 0.46743 0.26024 0.37198 0.37603 0.32744 0.40333 0.41622 0.61276 0.99865 0.66590 0.49902 0.25700 0.29693 0.59129 0.50425 0.37544 0.61598 0.12634 0.65203 0.59078 0.02208 0.14967 0.76041 0.55438 0.78440 0.61657 0.16348
0.49557 0.82516 0.91716 0.33505 0.85371 0.13017 0.63988 0.23978 0.85382 0.80318 0.08709 0.41479 1.06102 0.67259 0.78866 0.85941 0.16423 0.38932 0.19989 0.35989 0.73415 0.90643 0.96993 0.56082 0.70715 0.80625 1.13303 0.48853 0.72279 0.86460 0.76428 0.70113 0.95008 0.93100 0.98670 0.77346 0.92993 0.87138 1.29119 0.84174 0.66575 0.74814 0.83272 0.90071 0.96217 0.00000 0.45912 0.13148 0.79419 0.58989 0.70569 0.48729 1.25831 0.64657 0.94238 0.80153 1.03119 0.05439 0.31309 0.69559 0.76011 0.32342 0.86164 0.68775 0.38258 0.15434 0.43446 0.70053 0.83130 0.68107 0.78384 0.74293 0.68127 0.50931 0.96968 0.59303 0.97613 0.66388 0.58757 0.76241 0.64365 0.07702 0.77893 0.86637 1.10536 1.23853 0.61834 0.51071 0.71751 0.47551 0.83694 0.31038 0.55707 0.98335 0.89871 0.26119 0.43422 0.38971 0.48487 1.07200
0.23666 0.36605 0.46818 0.22916 0.42275 0.33439 0.19426 0.31799 0.46729 0.53431 0.39790 0.18815 0.60272 0.23815 0.34707 0.51180 0.35007 0.11962 0.32874 0.29739 0.57242 0.50856 0.51084 0.31059 0.26881 0.57606 0.70004 0.03211 0.40053 0.43339 0.57269 0.55839 0.51275 0.71026 0.53740 0.36206 0.69675 0.60864 0.83899 0.42549 0.22940 0.28904 0.67472 0.44841 0.52379 0.45912 0.00000 0.33062 0.39487 0.36242 0.24715 0.23373 0.80610 0.23338 0.50504 0.34748 0.60515 0.51309 0.30679 0.39235 0.31304 0.20969 0.41173 0.34606 0.12548 0.35464 0.45634 0.35650 0.37386 0.28409 0.44073 0.57934 0.23487 0.05666 0.51166 0.15756 0.65503 0.29584 0.12891 0.32759 0.30820 0.51099 0.64624 0.45497 0.64630 0.78468 0.46927 0.26425 0.41104 0.16160 0.39785 0.17658 0.41316 0.54577 0.49787 0.33884 0.21477 0.29304 0.17068 0.65708
0.40153 0.69636 0.79393 0.24673 0.72253 0.05549 0.51633 0.14252 0.74756 0.69110 0.10332 0.31543 0.93092 0.54112 0.65717 0.73638 0.12967 0.25809 0.10537 0.29473 0.64053 0.77790 0.84075 0.44307 0.58609 0.70117 1.00205 0.36090 0.62898 0.74674 0.66551 0.61032 0.83086 0.83062 0.86351 0.64315 0.82707 0.79683 1.15984 0.72774 0.53427 0.61942 0.74321 0.76950 0.83081 0.13148 0.33062 0.00000 0.68387 0.51184 0.57605 0.39346 1.12696 0.53035 0.81104 0.67059 0.90057 0.18400 0.25432 0.60524 0.63697 0.22723 0.73030 0.58823 0.26783 0.07598 0.36623 0.57558 0.70101 0.55112 0.66039 0.64925 0.55786 0.37924 0.84222 0.46159 0.85833 0.53594 0.45824 0.64277 0.54378 0.18136 0.69342 0.75390 0.97598 1.10731 0.52204 0.39048 0.59761 0.36782 0.70549 0.17949 0.45794 0.85202 0.76985 0.17392 0.31114 0.32072 0.37822 0.94240
0.31261 0.27795 0.20896 0.46549 0.48300 0.66482 0.21798 0.70771 0.07462 0.78981 0.71382 0.38180 0.44659 0.40705 0.41383 0.69267 0.64264 0.51418 0.71185 0.47386 0.89056 0.61215 0.35574 0.64490 0.15148 0.85194 0.66379 0.36463 0.15498 0.11143 0.87425 0.88816 0.18913 0.96925 0.25880 0.50121 0.94850 0.32026 0.69702 0.06125 0.40076 0.26618 0.97922 0.40718 0.51767 0.79419 0.39487 0.68387 0.00000 0.29577 0.29448 0.32036 0.66871 0.16163 0.50951 0.35240 0.61313 0.84739 0.51663 0.18664 0.16035 0.47211 0.40341 0.13793 0.41605 0.72874 0.84544 0.59826 0.32899 0.49407 0.65054 0.89535 0.19188 0.38169 0.31385 0.39869 0.83171 0.53906 0.32461 0.11198 0.16995 0.86100 0.96782 0.07502 0.45786 0.63965 0.81179 0.61701 0.66936 0.31869 0.44417 0.56598 0.76868 0.53503 0.59938 0.73142 0.59490 0.44585 0.30941 0.68080
