50 0
0.00000 0.20575 0.57606 0.27957 0.84615 0.76806 0.55203 0.38415 0.57483 0.81856 0.56871 0.67028 0.59527 0.65525 0.52950 0.18163 0.64759 0.92928 0.77777 0.50782 0.66367 0.84074 0.81130 0.26932 0.66665 0.73700 0.20234 0.38201 0.85418 0.41725 0.71132 0.65292 0.57766 0.30184 0.92578 0.84330 0.82898 0.81087 0.28990 0.75030 0.11155 0.94434 0.48897 0.17140 0.18070 0.28491 0.58977 0.75199 0.16550 0.82111
0.20575 0.00000 0.70738 0.45991 0.90486 0.71954 0.55499 0.38852 0.71821 0.65365 0.64824 0.65412 0.76450 0.55972 0.70036 0.22715 0.81641 0.93049 0.79469 0.66413 0.51411 0.79728 0.83083 0.08326 0.83606 0.87152 0.31630 0.21159 0.82371 0.52072 0.73592 0.64060 0.57484 0.09844 0.93865 0.77609 0.69165 0.90167 0.36123 0.76761 0.09467 0.85936 0.62691 0.19220 0.33448 0.34981 0.44677 0.88707 0.07305 0.72888
0.57606 0.70738 0.00000 0.32802 0.38080 0.62793 0.40553 0.41761 0.05066 1.00093 0.18625 0.49004 0.18304 0.69296 0.18077 0.48190 0.20465 0.59490 0.45012 0.11801 0.84241 0.65831 0.46317 0.71112 0.21904 0.16418 0.39307 0.73455 0.63068 0.19665 0.39285 0.47266 0.42495 0.76301 0.56075 0.72668 0.91999 0.27700 0.35665 0.43358 0.64759 0.84822 0.08821 0.74732 0.39560 0.36997 0.77946 0.17970 0.71261 0.78272
0.27957 0.45991 0.32802 0.00000 0.66650 0.73922 0.48884 0.37459 0.31348 0.95170 0.39235 0.61074 0.31611 0.70465 0.25027 0.27887 0.36834 0.81785 0.65909 0.23738 0.78574 0.79720 0.68569 0.49583 0.38727 0.47734 0.18250 0.57012 0.79168 0.24126 0.59013 0.59093 0.51675 0.54172 0.79925 0.83206 0.91848 0.59430 0.24233 0.63419 0.37715 0.94937 0.24117 0.44260 0.13230 0.25130 0.71133 0.49137 0.43956 0.84667
0.84615 0.90486 0.38080 0.66650 0.00000 0.44114 0.37723 0.52047 0.42577 0.92914 0.28058 0.35204 0.54698 0.61216 0.55999 0.69200 0.54648 0.26075 0.19358 0.49809 0.80552 0.42462 0.17337 0.87393 0.55219 0.35910 0.64392 0.83931 0.37422 0.43802 0.20395 0.34878 0.37064 0.92322 0.21223 0.51965 0.80479 0.14617 0.56055 0.20407 0.87906 0.62259 0.44414 1.00931 0.67883 0.56847 0.76892 0.36257 0.93767 0.61500
0.76806 0.71954 0.62793 0.73922 0.44114 0.00000 0.25145 0.38956 0.67705 0.50032 0.44170 0.13887 0.80685 0.21409 0.78336 0.58670 0.83258 0.27582 0.24768 0.70798 0.40592 0.07835 0.27055 0.65497 0.84659 0.71017 0.60810 0.56431 0.11909 0.52133 0.26195 0.15761 0.22414 0.69037 0.31340 0.09901 0.36644 0.55527 0.51449 0.24158 0.74187 0.22107 0.63039 0.88645 0.66922 0.51152 0.39638 0.72077 0.77938 0.17449
0.55203 0.55499 0.40553 0.48884 0.37723 0.25145 0.00000 0.17151 0.45085 0.60763 0.22745 0.12382 0.57446 0.29034 0.54330 0.37344 0.60666 0.38036 0.23982 0.46864 0.45970 0.30892 0.27612 0.51090 0.62267 0.52131 0.37130 0.46349 0.30931 0.27191 0.18485 0.10457 0.02804 0.55733 0.38421 0.34723 0.51572 0.42989 0.27489 0.21294 0.55102 0.46779 0.39087 0.69302 0.42870 0.27483 0.40920 0.53461 0.60090 0.38300
0.38415 0.38852 0.41761 0.37459 0.52047 0.38956 0.17151 0.00000 0.45050 0.60159 0.29020 0.28625 0.55110 0.33048 0.50363 0.20346 0.59389 0.55187 0.40845 0.43697 0.43705 0.45916 0.44412 0.35348 0.61250 0.56693 0.22057 0.33367 0.47018 0.22882 0.34776 0.26920 0.19530 0.40308 0.55467 0.47325 0.54912 0.53773 0.13331 0.38107 0.37963 0.58463 0.36748 0.52153 0.28351 0.12683 0.36849 0.58205 0.43068 0.47463
0.57483 0.71821 0.05066 0.31348 0.42577 0.67705 0.45085 0.45050 0.00000 1.04076 0.23546 0.53882 0.13239 0.73617 0.13426 0.49580 0.15628 0.64468 0.50068 0.08285 0.88062 0.70847 0.51336 0.72760 0.17184 0.16407 0.40197 0.75895 0.68123 0.22353 0.44350 0.52118 0.47125 0.77907 0.60980 0.77590 0.96354 0.31355 0.37717 0.48423 0.65320 0.89760 0.09186 0.74505 0.39637 0.39075 0.81600 0.17843 0.71833 0.83011
0.81856 0.65365 1.00093 0.95170 0.92914 0.50032 0.60763 0.60159 1.04076 0.00000 0.83351 0.57984 1.15048 0.32209 1.10503 0.68775 1.19083 0.77006 0.73815 1.03697 0.16626 0.54984 0.76603 0.57081 1.20875 1.12837 0.77117 0.44359 0.60592 0.82685 0.73038 0.58696 0.59668 0.56732 0.81196 0.45873 0.14989 1.02162 0.71790 0.72511 0.73094 0.43794 0.96450 0.84399 0.83078 0.70643 0.24041 1.14191 0.72636 0.34891
0.56871 0.64824 0.18625 0.39235 0.28058 0.44170 0.22745 0.29020 0.23546 0.83351 0.00000 0.30383 0.36631 0.51778 0.34963 0.42562 0.39090 0.43646 0.28133 0.27525 0.68113 0.47408 0.30202 0.63071 0.40513 0.29497 0.36653 0.62379 0.44979 0.15761 0.21700 0.28662 0.24351 0.68228 0.41158 0.54050 0.74273 0.25364 0.29039 0.26049 0.61077 0.66214 0.20164 0.73493 0.39851 0.30031 0.62436 0.30874 0.67222 0.59774
0.67028 0.65412 0.49004 0.61074 0.35204 0.13887 0.12382 0.28625 0.53882 0.57984 0.30383 0.00000 0.66819 0.26034 0.64455 0.48965 0.69465 0.27802 0.17078 0.56917 0.45376 0.18658 0.20517 0.60071 0.70897 0.57989 0.49432 0.53267 0.18591 0.38567 0.15057 0.01986 0.09595 0.64302 0.29405 0.23786 0.46449 0.44392 0.39816 0.15121 0.66054 0.35993 0.49163 0.80435 0.55235 0.39751 0.42107 0.59133 0.70606 0.29740
0.59527 0.76450 0.18304 0.31611 0.54698 0.80685 0.57446 0.55110 0.13239 1.15048 0.36631 0.66819 0.00000 0.85422 0.06584 0.55524 0.05235 0.77485 0.63270 0.11427 0.98742 0.84015 0.64455 0.78713 0.07172 0.22385 0.45452 0.83625 0.81353 0.32364 0.57589 0.65012 0.59645 0.83675 0.73839 0.90583 1.08157 0.42158 0.45584 0.61654 0.68828 1.02775 0.18680 0.75818 0.43039 0.46932 0.91959 0.23204 0.75218 0.95638
0.65525 0.55972 0.69296 0.70465 0.61216 0.21409 0.29034 0.33048 0.73617 0.32209 0.51778 0.26034 0.85422 0.00000 0.81577 0.48507 0.89028 0.48766 0.42547 0.74361 0.19687 0.28559 0.45646 0.48492 0.90718 0.81122 0.53990 0.37603 0.33295 0.53517 0.41057 0.26587 0.27660 0.51137 0.52099 0.22949 0.22749 0.69973 0.46242 0.40943 0.60288 0.29968 0.66763 0.74286 0.60387 0.45416 0.18261 0.82429 0.62727 0.16947
0.52950 0.70036 0.18077 0.25027 0.55999 0.78336 0.54330 0.50363 0.13426 1.10503 0.34963 0.64455 0.06584 0.81577 0.00000 0.49400 0.11809 0.77404 0.62586 0.07539 0.94067 0.82201 0.64121 0.72495 0.13719 0.26624 0.39267 0.77803 0.79938 0.28081 0.56508 0.62578 0.56695 0.77412 0.74104 0.88226 1.04232 0.44531 0.40068 0.60744 0.62315 1.00433 0.15309 0.69238 0.36595 0.41394 0.87130 0.27689 0.68688 0.92629
0.18163 0.22715 0.48190 0.27887 0.69200 0.58670 0.37344 0.20346 0.49580 0.68775 0.42562 0.48965 0.55524 0.48507 0.49400 0.00000 0.60585 0.75298 0.60491 0.44847 0.52446 0.65912 0.63952 0.23287 0.62562 0.64578 0.10178 0.29151 0.67289 0.29357 0.54048 0.47266 0.39826 0.28373 0.75258 0.66355 0.67570 0.67782 0.13558 0.57735 0.18707 0.76738 0.40398 0.32248 0.14812 0.12532 0.44901 0.66136 0.24681 0.64712
0.64759 0.81641 0.20465 0.36834 0.54648 0.83258 0.60666 0.59389 0.15628 1.19083 0.39090 0.69465 0.05235 0.89028 0.11809 0.60585 0.00000 0.78375 0.64708 0.16030 1.02882 0.86187 0.65617 0.83809 0.01977 0.20354 0.50550 0.88499 0.83240 0.36525 0.59367 0.67717 0.62739 0.88792 0.74477 0.93130 1.11777 0.41364 0.50340 0.63274 0.74055 1.05279 0.22668 0.81019 0.48247 0.51697 0.96208 0.20864 0.80449 0.98639
0.92928 0.93049 0.59490 0.81785 0.26075 0.27582 0.38036 0.55187 0.64468 0.77006 0.43646 0.27802 0.77485 0.48766 0.77404 0.75298 0.78375 0.00000 0.15879 0.70345 0.68159 0.22073 0.13446 0.87866 0.79239 0.61123 0.73901 0.80823 0.16421 0.57671 0.22794 0.29016 0.35747 0.92100 0.05287 0.31640 0.62848 0.40591 0.64347 0.18438 0.93123 0.39312 0.63520 1.07337 0.78977 0.64624 0.66791 0.61669 0.97986 0.42535
0.77777 0.79469 0.45012 0.65909 0.19358 0.24768 0.23982 0.40845 0.50068 0.73815 0.28133 0.17078 0.63270 0.42547 0.62586 0.60491 0.64708 0.15879 0.00000 0.55333 0.62141 0.23828 0.03657 0.74998 0.65771 0.49264 0.58400 0.69417 0.19459 0.41800 0.06923 0.17360 0.22209 0.79552 0.14801 0.32964 0.61151 0.31353 0.48948 0.02756 0.78720 0.43893 0.48228 0.92711 0.63300 0.49321 0.59156 0.50082 0.83913 0.42184
0.50782 0.66413 0.11801 0.23738 0.49809 0.70798 0.46864 0.43697 0.08285 1.03697 0.27525 0.56917 0.11427 0.74361 0.07539 0.44847 0.16030 0.70345 0.55333 0.00000 0.87355 0.74683 0.56992 0.68128 0.17980 0.24227 0.34962 0.72493 0.72475 0.21031 0.49148 0.55041 0.49202 0.73175 0.67211 0.80689 0.97062 0.39349 0.34310 0.53424 0.59310 0.92896 0.07789 0.67600 0.33385 0.35667 0.80545 0.25564 0.65791 0.85162
0.66367 0.51411 0.84241 0.78574 0.80552 0.40592 0.45970 0.43705 0.88062 0.16626 0.68113 0.45376 0.98742 0.19687 0.94067 0.52446 1.02882 0.68159 0.62141 0.87355 0.00000 0.47105 0.65296 0.43104 1.04702 0.97576 0.60567 0.30311 0.52262 0.66393 0.60227 0.45694 0.45278 0.43774 0.71678 0.39622 0.18111 0.88459 0.55171 0.60437 0.58328 0.42145 0.80218 0.70631 0.66587 0.54019 0.07545 0.98976 0.58706 0.29950
0.84074 0.79728 0.65831 0.79720 0.42462 0.07835 0.30892 0.45916 0.70847 0.54984 0.47408 0.18658 0.84015 0.28559 0.82201 0.65912 0.86187 0.22073 0.23828 0.74683 0.47105 0.00000 0.25145 0.73321 0.87464 0.72435 0.67488 0.64236 0.05682 0.57106 0.27246 0.20643 0.28089 0.76872 0.26556 0.09802 0.40778 0.55176 0.57982 0.24106 0.81787 0.20071 0.67028 0.96254 0.73469 0.57790 0.46806 0.73367 0.85648 0.20494
0.81130 0.83083 0.46317 0.68569 0.17337 0.27055 0.27612 0.44412 0.51336 0.76603 0.30202 0.20517 0.64455 0.45646 0.64121 0.63952 0.65617 0.13446 0.03657 0.56992 0.65296 0.25145 0.00000 0.78648 0.66589 0.49359 0.61624 0.73059 0.20256 0.44444 0.10015 0.20910 0.25863 0.83207 0.11547 0.34631 0.63652 0.30381 0.52236 0.06322 0.82243 0.45045 0.50095 0.96189 0.66401 0.52649 0.62498 0.50076 0.87478 0.44312
0.26932 0.08326 0.71112 0.49583 0.87393 0.65497 0.51090 0.35348 0.72760 0.57081 0.63071 0.60071 0.78713 0.48492 0.72495 0.23287 0.83809 0.87866 0.74998 0.68128 0.43104 0.73321 0.78648 0.00000 0.85786 0.87397 0.33262 0.12833 0.76314 0.51774 0.69500 0.58878 0.52804 0.05213 0.89062 0.70583 0.60909 0.88379 0.35554 0.72349 0.16560 0.78435 0.63574 0.27534 0.36476 0.34269 0.36441 0.88958 0.15631 0.65316
0.66665 0.83606 0.21904 0.38727 0.55219 0.84659 0.62267 0.61250 0.17184 1.20875 0.40513 0.70897 0.07172 0.90718 0.13719 0.62562 0.01977 0.79239 0.65771 0.17980 1.04702 0.87464 0.66589 0.85786 0.00000 0.20361 0.52527 0.90461 0.84429 0.38375 0.60547 0.69167 0.64304 0.90769 0.75259 0.94518 1.13465 0.41700 0.52290 0.64398 0.76000 1.06648 0.24510 0.82881 0.50206 0.53647 0.98054 0.20728 0.82388 1.00159
0.73700 0.87152 0.16418 0.47734 0.35910 0.71017 0.52131 0.56693 0.16407 1.12837 0.29497 0.57989 0.22385 0.81122 0.26624 0.64578 0.20354 0.61123 0.49264 0.24227 0.97576 0.72435 0.49359 0.87397 0.20361 0.00000 0.55714 0.89207 0.68627 0.35690 0.45230 0.56557 0.53499 0.92598 0.56721 0.80548 1.03419 0.21737 0.51868 0.48441 0.81130 0.92311 0.24843 0.90777 0.55732 0.53178 0.91753 0.01561 0.87637 0.87719
0.20234 0.31630 0.39307 0.18250 0.64392 0.60810 0.37130 0.22057 0.40197 0.77117 0.36653 0.49432 0.45452 0.53990 0.39267 0.10178 0.50550 0.73901 0.58400 0.34962 0.60567 0.67488 0.61624 0.33262 0.52527 0.55714 0.00000 0.39175 0.68022 0.21779 0.51612 0.47554 0.39867 0.38249 0.73151 0.69365 0.74535 0.61128 0.09657 0.55684 0.25538 0.80501 0.31089 0.36921 0.06402 0.09701 0.53080 0.57259 0.32009 0.69260
0.38201 0.21159 0.73455 0.57012 0.83931 0.56431 0.46349 0.33367 0.75895 0.44359 0.62379 0.53267 0.83625 0.37603 0.77803 0.29151 0.88499 0.80823 0.69417 0.72493 0.30311 0.64236 0.73059 0.12833 0.90461 0.89207 0.39175 0.00000 0.67843 0.53795 0.64703 0.52406 0.47486 0.13867 0.82670 0.60338 0.48215 0.87021 0.38283 0.66927 0.28792 0.67203 0.66875 0.40361 0.43837 0.36918 0.23845 0.90751 0.28463 0.54028
0.85418 0.82371 0.63068 0.79168 0.37422 0.11909 0.30931 0.47018 0.68123 0.60592 0.44979 0.18591 0.81353 0.33295 0.79938 0.67289 0.83240 0.16421 0.19459 0.72475 0.52262 0.05682 0.20256 0.76314 0.84429 0.68627 0.68022 0.67843 0.00000 0.55930 0.23882 0.20477 0.28165 0.80095 0.20877 0.15429 0.46448 0.50579 0.58401 0.20221 0.83843 0.24836 0.64949 0.98297 0.73801 0.58341 0.51540 0.69483 0.88020 0.26175
0.41725 0.52072 0.19665 0.24126 0.43802 0.52133 0.27191 0.22882 0.22353 0.82685 0.15761 0.38567 0.32364 0.53517 0.28081 0.29357 0.36525 0.57671 0.41800 0.21031 0.66393 0.57106 0.44444 0.51774 0.38375 0.35690 0.21779 0.53795 0.55930 0.00000 0.34919 0.36593 0.29802 0.56984 0.55821 0.61850 0.76153 0.39382 0.16221 0.39339 0.47081 0.73953 0.13867 0.58643 0.24251 0.17510 0.59683 0.37249 0.53456 0.65190
0.71132 0.73592 0.39285 0.59013 0.20395 0.26195 0.18485 0.34776 0.44350 0.73038 0.21700 0.15057 0.57589 0.41057 0.56508 0.54048 0.59367 0.22794 0.06923 0.49148 0.60227 0.27246 0.10015 0.69500 0.60547 0.45230 0.51612 0.64703 0.23882 0.34919 0.00000 0.14535 0.17236 0.74192 0.21543 0.35426 0.61268 0.29592 0.42223 0.04437 0.72435 0.47084 0.41864 0.86296 0.56431 0.42646 0.56499 0.46200 0.77778 0.43462
0.65292 0.64060 0.47266 0.59093 0.34878 0.15761 0.10457 0.26920 0.52118 0.58696 0.28662 0.01986 0.65012 0.26587 0.62578 0.47266 0.67717 0.29016 0.17360 0.55041 0.45694 0.20643 0.20910 0.58878 0.69167 0.56557 0.47554 0.52406 0.20477 0.36593 0.14535 0.00000 0.07689 0.63187 0.30327 0.25647 0.47494 0.43509 0.37927 0.15181 0.64505 0.37855 0.47279 0.78858 0.53326 0.37884 0.42121 0.57726 0.69146 0.31259
0.57766 0.57484 0.42495 0.51675 0.37064 0.22414 0.02804 0.19530 0.47125 0.59668 0.24351 0.09595 0.59645 0.27660 0.56695 0.39826 0.62739 0.35747 0.22209 0.49202 0.45278 0.28089 0.25863 0.52804 0.64304 0.53499 0.39867 0.47486 0.28165 0.29802 0.17236 0.07689 0.00000 0.57343 0.36384 0.32055 0.49961 0.43267 0.30237 0.19596 0.57390 0.44153 0.41415 0.71655 0.45642 0.30202 0.40597 0.54790 0.62254 0.35999
0.30184 0.09844 0.76301 0.54172 0.92322 0.69037 0.55733 0.40308 0.77907 0.56732 0.68228 0.64302 0.83675 0.51137 0.77412 0.28373 0.88792 0.92100 0.79552 0.73175 0.43774 0.76872 0.83207 0.05213 0.90769 0.92598 0.38249 0.13867 0.80095 0.56984 0.74192 0.63187 0.57343 0.00000 0.93462 0.73622 0.61821 0.93517 0.40764 0.76929 0.19221 0.80916 0.68720 0.27818 0.41178 0.39480 0.37618 0.94158 0.16486 0.67747
0.92578 0.93865 0.56075 0.79925 0.21223 0.31340 0.38421 0.55467 0.60980 0.81196 0.41158 0.29405 0.73839 0.52099 0.74104 0.75258 0.74477 0.05287 0.14801 0.67211 0.71678 0.26556 0.11547 0.89062 0.75259 0.56721 0.73151 0.82670 0.20877 0.55821 0.21543 0.30327 0.36384 0.93462 0.00000 0.36280 0.67261 0.35826 0.63732 0.17551 0.93405 0.44432 0.60651 1.07457 0.77947 0.64118 0.69869 0.57195 0.98500 0.47041
0.84330 0.77609 0.72668 0.83206 0.51965 0.09901 0.34723 0.47325 0.77590 0.45873 0.54050 0.23786 0.90583 0.22949 0.88226 0.66355 0.93130 0.31640 0.32964 0.80689 0.39622 0.09802 0.34631 0.70583 0.94518 0.80548 0.69365 0.60338 0.15429 0.61850 0.35426 0.25647 0.32055 0.73622 0.36280 0.00000 0.31351 0.64239 0.60223 0.32850 0.80769 0.12208 0.72924 0.95123 0.75598 0.59815 0.40532 0.81566 0.83991 0.11012
0.82898 0.69165 0.91999 0.91848 0.80479 0.36644 0.51572 0.54912 0.96354 0.14989 0.74273 0.46449 1.08157 0.22749 1.04232 0.67570 1.11777 0.62848 0.61151 0.97062 0.18111 0.40778 0.63652 0.60909 1.13465 1.03419 0.74535 0.48215 0.46448 0.76153 0.61268 0.47494 0.49961 0.61821 0.67261 0.31351 0.00000 0.90808 0.67705 0.60157 0.75601 0.28851 0.89490 0.88360 0.80827 0.66736 0.24496 1.04682 0.76426 0.20349
0.81087 0.90167 0.27700 0.59430 0.14617 0.55527 0.42989 0.53773 0.31355 1.02162 0.25364 0.44392 0.42158 0.69973 0.44531 0.67782 0.41364 0.40591 0.31353 0.39349 0.88459 0.55176 0.30381 0.88379 0.41700 0.21737 0.61128 0.87021 0.50579 0.39382 0.29592 0.43509 0.43267 0.93517 0.35826 0.64239 0.90808 0.00000 0.54225 0.31432 0.86128 0.75228 0.35595 0.98024 0.63364 0.55278 0.83837 0.21909 0.92370 0.72929
0.28990 0.36123 0.35665 0.24233 0.56055 0.51449 0.27489 0.13331 0.37717 0.71790 0.29039 0.39816 0.45584 0.46242 0.40068 0.13558 0.50340 0.64347 0.48948 0.34310 0.55171 0.57982 0.52236 0.35554 0.52290 0.51868 0.09657 0.38283 0.58401 0.16221 0.42223 0.37927 0.30237 0.40764 0.63732 0.60223 0.67705 0.54225 0.00000 0.46216 0.32054 0.71590 0.28626 0.44891 0.15490 0.01365 0.47906 0.53428 0.38185 0.60778
0.75030 0.76761 0.43358 0.63419 0.20407 0.24158 0.21294 0.38107 0.48423 0.72511 0.26049 0.15121 0.61654 0.40943 0.60744 0.57735 0.63274 0.18438 0.02756 0.53424 0.60437 0.24106 0.06322 0.72349 0.64398 0.48441 0.55684 0.66927 0.20221 0.39339 0.04437 0.15181 0.19596 0.76929 0.17551 0.32850 0.60157 0.31432 0.46216 0.00000 0.75969 0.44144 0.46202 0.89956 0.60622 0.46580 0.57214 0.49329 0.81175 0.41602
0.11155 0.09467 0.64759 0.37715 0.87906 0.74187 0.55102 0.37963 0.65320 0.73094 0.61077 0.66054 0.68828 0.60288 0.62315 0.18707 0.74055 0.93123 0.78720 0.59310 0.58328 0.81787 0.82243 0.16560 0.76000 0.81130 0.25538 0.28792 0.83843 0.47081 0.72435 0.64505 0.57390 0.19221 0.93405 0.80769 0.75601 0.86128 0.32054 0.75969 0.00000 0.89985 0.56355 0.14468 0.25932 0.31139 0.51209 0.82666 0.06514 0.77198
0.94434 0.85936 0.84822 0.94937 0.62259 0.22107 0.46779 0.58463 0.89760 0.43794 0.66214 0.35993 1.02775 0.29968 1.00433 0.76738 1.05279 0.39312 0.43893 0.92896 0.42145 0.20071 0.45045 0.78435 1.06648 0.92311 0.80501 0.67203 0.24836 0.73953 0.47084 0.37855 0.44153 0.80916 0.44432 0.12208 0.28851 0.75228 0.71590 0.44144 0.89985 0.00000 0.85131 1.04125 0.86814 0.71092 0.45091 0.93283 0.92650 0.13175
0.48897 0.62691 0.08821 0.24117 0.44414 0.63039 0.39087 0.36748 0.09186 0.96450 0.20164 0.49163 0.18680 0.66763 0.15309 0.40398 0.22668 0.63520 0.48228 0.07789 0.80218 0.67028 0.50095 0.63574 0.24510 0.24843 0.31089 0.66875 0.64949 0.13867 0.41864 0.47279 0.41415 0.68720 0.60651 0.72924 0.89490 0.35595 0.28626 0.46202 0.56355 0.85131 0.00000 0.66004 0.30895 0.29989 0.73545 0.26361 0.62867 0.77382
0.17140 0.19220 0.74732 0.44260 1.00931 0.88645 0.69302 0.52153 0.74505 0.84399 0.73493 0.80435 0.75818 0.74286 0.69238 0.32248 0.81019 1.07337 0.92711 0.67600 0.70631 0.96254 0.96189 0.27534 0.82881 0.90777 0.36921 0.40361 0.98297 0.58643 0.86296 0.78858 0.71655 0.27818 1.07457 0.95123 0.88360 0.98024 0.44891 0.89956 0.14468 1.04125 0.66004 0.00000 0.35209 0.44165 0.63865 0.92267 0.11935 0.91230
0.18070 0.33448 0.39560 0.13230 0.67883 0.66922 0.42870 0.28351 0.39637 0.83078 0.39851 0.55235 0.43039 0.60387 0.36595 0.14812 0.48247 0.78977 0.63300 0.33385 0.66587 0.73469 0.66401 0.36476 0.50206 0.55732 0.06402 0.43837 0.73801 0.24251 0.56431 0.53326 0.45642 0.41178 0.77947 0.75598 0.80827 0.63364 0.15490 0.60622 0.25932 0.86814 0.30895 0.35209 0.00000 0.15789 0.59070 0.57243 0.32407 0.75643
0.28491 0.34981 0.36997 0.25130 0.56847 0.51152 0.27483 0.12683 0.39075 0.70643 0.30031 0.39751 0.46932 0.45416 0.41394 0.12532 0.51697 0.64624 0.49321 0.35667 0.54019 0.57790 0.52649 0.34269 0.53647 0.53178 0.09701 0.36918 0.58341 0.17510 0.42646 0.37884 0.30202 0.39480 0.64118 0.59815 0.66736 0.55278 0.01365 0.46580 0.31139 0.71092 0.29989 0.44165 0.15789 0.00000 0.46727 0.54738 0.37205 0.60139
0.58977 0.44677 0.77946 0.71133 0.76892 0.39638 0.40920 0.36849 0.81600 0.24041 0.62436 0.42107 0.91959 0.18261 0.87130 0.44901 0.96208 0.66791 0.59156 0.80545 0.07545 0.46806 0.62498 0.36441 0.98054 0.91753 0.53080 0.23845 0.51540 0.59683 0.56499 0.42121 0.40597 0.37618 0.69869 0.40532 0.24496 0.83837 0.47906 0.57214 0.51209 0.45091 0.73545 0.63865 0.59070 0.46727 0.00000 0.93186 0.51931 0.32167
0.75199 0.88707 0.17970 0.49137 0.36257 0.72077 0.53461 0.58205 0.17843 1.14191 0.30874 0.59133 0.23204 0.82429 0.27689 0.66136 0.20864 0.61669 0.50082 0.25564 0.98976 0.73367 0.50076 0.88958 0.20728 0.01561 0.57259 0.90751 0.69483 0.37249 0.46200 0.57726 0.54790 0.94158 0.57195 0.81566 1.04682 0.21909 0.53428 0.49329 0.82666 0.93283 0.26361 0.92267 0.57243 0.54738 0.93186 0.00000 0.89174 0.88848
0.16550 0.07305 0.71261 0.43956 0.93767 0.77938 0.60090 0.43068 0.71833 0.72636 0.67222 0.70606 0.75218 0.62727 0.68688 0.24681 0.80449 0.97986 0.83913 0.65791 0.58706 0.85648 0.87478 0.15631 0.82388 0.87637 0.32009 0.28463 0.88020 0.53456 0.77778 0.69146 0.62254 0.16486 0.98500 0.83991 0.76426 0.92370 0.38185 0.81175 0.06514 0.92650 0.62867 0.11935 0.32407 0.37205 0.51931 0.89174 0.00000 0.79671
0.82111 0.72888 0.78272 0.84667 0.61500 0.17449 0.38300 0.47463 0.83011 0.34891 0.59774 0.29740 0.95638 0.16947 0.92629 0.64712 0.98639 0.42535 0.42184 0.85162 0.29950 0.20494 0.44312 0.65316 1.00159 0.87719 0.69260 0.54028 0.26175 0.65190 0.43462 0.31259 0.35999 0.67747 0.47041 0.11012 0.20349 0.72929 0.60778 0.41602 0.77198 0.13175 0.77382 0.91230 0.75643 0.60139 0.32167 0.88848 0.79671 0.00000
