25 0
0.00000 0.56085 0.21236 0.71307 0.39857 0.68464 0.20391 0.68286 0.51263 0.11227 0.66766 0.77899 0.24616 0.56922 0.57857 0.59742 0.30221 0.44997 0.23262 0.20589 0.43658 0.52874 0.21640 0.50477 0.44466
0.56085 0.00000 0.72262 0.38852 0.35678 0.71335 0.73903 0.42466 0.41522 0.49220 0.49496 0.59653 0.38670 0.33721 0.50157 0.04421 0.52522 0.39166 0.44676 0.62753 0.86695 0.05183 0.75262 0.12964 0.32515
0.21236 0.72262 0.00000 0.77920 0.60968 0.62144 0.04842 0.73139 0.54727 0.32462 0.68819 0.78337 0.34629 0.63567 0.58365 0.75300 0.50663 0.66212 0.29644 0.12190 0.53773 0.68206 0.05472 0.69056 0.65409
0.71307 0.38852 0.77920 0.00000 0.70189 0.43541 0.81566 0.07387 0.23923 0.70320 0.17056 0.22793 0.46723 0.14535 0.25455 0.36100 0.82262 0.75086 0.49492 0.65808 1.11985 0.35452 0.82755 0.50814 0.68634
0.39857 0.35678 0.60968 0.70189 0.00000 0.89401 0.60187 0.71320 0.61848 0.28796 0.75203 0.86843 0.40858 0.59805 0.71096 0.40045 0.19450 0.06178 0.45755 0.56928 0.54287 0.36463 0.61395 0.23249 0.05414
0.68464 0.71335 0.62144 0.43541 0.89401 0.00000 0.66938 0.36191 0.29903 0.74185 0.26486 0.26351 0.49941 0.38634 0.21284 0.70768 0.92751 0.95482 0.47170 0.51698 1.11772 0.66319 0.67597 0.78959 0.90474
0.20391 0.73903 0.04842 0.81566 0.60187 0.66938 0.00000 0.77011 0.58659 0.31408 0.73012 0.82732 0.37164 0.67124 0.62666 0.77130 0.48532 0.65170 0.32642 0.16342 0.49331 0.70060 0.01360 0.69878 0.64852
0.68286 0.42466 0.73139 0.07387 0.71320 0.36191 0.77011 0.00000 0.18438 0.68423 0.09713 0.17278 0.43729 0.12041 0.18383 0.40297 0.81861 0.76566 0.45696 0.60956 1.10091 0.38450 0.78149 0.53582 0.70309
0.51263 0.41522 0.54727 0.23923 0.61848 0.29903 0.58659 0.18438 0.00000 0.53020 0.15558 0.27081 0.27361 0.11409 0.09344 0.41243 0.68818 0.67703 0.28125 0.42539 0.94162 0.36460 0.59778 0.49210 0.62157
0.11227 0.49220 0.32462 0.70320 0.28796 0.74185 0.31408 0.68423 0.53020 0.00000 0.68497 0.80100 0.25747 0.56529 0.60786 0.53237 0.20026 0.33801 0.27071 0.30606 0.41701 0.46787 0.32605 0.41780 0.33578
0.66766 0.49496 0.68819 0.17056 0.75203 0.26486 0.73012 0.09713 0.15558 0.68497 0.00000 0.11818 0.42901 0.16053 0.10834 0.47896 0.83726 0.80792 0.43556 0.56694 1.09717 0.45012 0.74054 0.59559 0.74837
0.77899 0.59653 0.78337 0.22793 0.86843 0.26351 0.82732 0.17278 0.27081 0.80100 0.11818 0.00000 0.54411 0.27211 0.20262 0.57570 0.95538 0.92361 0.54637 0.66405 1.21121 0.55484 0.83696 0.70414 0.86315
0.24616 0.38670 0.34629 0.46723 0.40858 0.49941 0.37164 0.43729 0.27361 0.25747 0.42901 0.54411 0.00000 0.32308 0.35062 0.41246 0.42955 0.47036 0.06151 0.24189 0.66833 0.34184 0.38484 0.38539 0.43086
0.56922 0.33721 0.63567 0.14535 0.59805 0.38634 0.67124 0.12041 0.11409 0.56529 0.16053 0.27211 0.32308 0.00000 0.17477 0.32517 0.69843 0.65225 0.34958 0.51516 0.98225 0.29079 0.68328 0.43506 0.59123
0.57857 0.50157 0.58365 0.25455 0.71096 0.21284 0.62666 0.18383 0.09344 0.60786 0.10834 0.20262 0.35062 0.17477 0.00000 0.49491 0.77399 0.76985 0.34634 0.46324 1.01297 0.45200 0.63667 0.58395 0.71483
0.59742 0.04421 0.75300 0.36100 0.40045 0.70768 0.77130 0.40297 0.41243 0.53237 0.47896 0.57570 0.41246 0.32517 0.49491 0.00000 0.56936 0.43406 0.47117 0.65429 0.91057 0.07097 0.78488 0.17126 0.36767
0.30221 0.52522 0.50663 0.82262 0.19450 0.92751 0.48532 0.81861 0.68818 0.20026 0.83726 0.95538 0.42955 0.69843 0.77399 0.56936 0.00000 0.21084 0.45760 0.50477 0.34970 0.52028 0.49515 0.41280 0.24746
0.44997 0.39166 0.66212 0.75086 0.06178 0.95482 0.65170 0.76566 0.67703 0.33801 0.80792 0.92361 0.47036 0.65225 0.76985 0.43406 0.21084 0.00000 0.51908 0.62691 0.54778 0.40599 0.66339 0.26289 0.06657
0.23262 0.44676 0.29644 0.49492 0.45755 0.47170 0.32642 0.45696 0.28125 0.27071 0.43556 0.54637 0.06151 0.34958 0.34634 0.47117 0.45760 0.51908 0.00000 0.18543 0.66681 0.40092 0.33915 0.44662 0.48359
0.20589 0.62753 0.12190 0.65808 0.56928 0.51698 0.16342 0.60956 0.42539 0.30606 0.56694 0.66405 0.24189 0.51516 0.46324 0.65429 0.50477 0.62691 0.18543 0.00000 0.60984 0.58357 0.17360 0.61185 0.60716
0.43658 0.86695 0.53773 1.11985 0.54287 1.11772 0.49331 1.10091 0.94162 0.41701 1.09717 1.21121 0.66833 0.98225 1.01297 0.91057 0.34970 0.54778 0.66681 0.60984 0.00000 0.85537 0.49442 0.76073 0.59433
0.52874 0.05183 0.68206 0.35452 0.36463 0.66319 0.70060 0.38450 0.36460 0.46787 0.45012 0.55484 0.34184 0.29079 0.45200 0.07097 0.52028 0.40599 0.40092 0.58357 0.85537 0.00000 0.71417 0.15366 0.33974
0.21640 0.75262 0.05472 0.82755 0.61395 0.67597 0.01360 0.78149 0.59778 0.32605 0.74054 0.83696 0.38484 0.68328 0.63667 0.78488 0.49515 0.66339 0.33915 0.17360 0.49442 0.71417 0.00000 0.71222 0.66085
0.50477 0.12964 0.69056 0.50814 0.23249 0.78959 0.69878 0.53582 0.49210 0.41780 0.59559 0.70414 0.38539 0.43506 0.58395 0.17126 0.41280 0.26289 0.44662 0.61185 0.76073 0.15366 0.71222 0.00000 0.19663
0.44466 0.32515 0.65409 0.68634 0.05414 0.90474 0.64852 0.70309 0.62157 0.33578 0.74837 0.86315 0.43086 0.59123 0.71483 0.36767 0.24746 0.06657 0.48359 0.60716 0.59433 0.33974 0.66085 0.19663 0.00000
