25 0
0.00000 0.12342 0.39960 1.05439 1.02799 0.76893 0.44145 0.72682 0.82910 0.91974 0.60926 0.96491 0.26675 0.72860 0.89894 0.18545 0.95617 0.79763 0.27662 0.31392 0.85224 0.29888 0.34438 0.56612 1.15614
0.12342 0.00000 0.34267 1.10118 1.06021 0.83194 0.54936 0.74680 0.80393 0.86983 0.71592 0.93734 0.28569 0.83785 0.97179 0.28207 1.03024 0.84825 0.33203 0.42583 0.83977 0.37841 0.43501 0.62614 1.20616
0.39960 0.34267 0.00000 0.88680 0.81321 0.68334 0.61045 0.49421 0.47239 0.52737 0.74388 0.60186 0.22152 0.86537 0.84082 0.39935 0.89889 0.66209 0.31334 0.53469 0.52183 0.39568 0.46174 0.50002 0.99514
1.05439 1.10118 0.88680 0.00000 0.13639 0.30950 0.75750 0.39654 0.60848 0.79103 0.68376 0.62501 0.81639 0.69358 0.28161 0.88466 0.27622 0.25728 0.77847 0.84514 0.51820 0.76513 0.74462 0.49212 0.10834
1.02799 1.06021 0.81321 0.13639 0.00000 0.34767 0.78414 0.32063 0.48637 0.66221 0.73796 0.49174 0.77505 0.76830 0.37682 0.87046 0.38747 0.26576 0.75224 0.85470 0.39498 0.75345 0.74504 0.48832 0.21834
0.76893 0.83194 0.68334 0.30950 0.34767 0.00000 0.44827 0.29196 0.58582 0.78145 0.39038 0.66548 0.55740 0.43047 0.15839 0.59072 0.21567 0.09452 0.50034 0.53748 0.51738 0.47172 0.44230 0.20583 0.39834
0.44145 0.54936 0.61045 0.75750 0.78414 0.44827 0.00000 0.57850 0.81946 0.98278 0.16783 0.94239 0.39170 0.28849 0.52838 0.26875 0.57776 0.51872 0.29779 0.12942 0.79371 0.21552 0.14872 0.31409 0.84098
0.72682 0.74680 0.49421 0.39654 0.32063 0.29196 0.57850 0.00000 0.29486 0.48980 0.59976 0.38762 0.46489 0.67828 0.43381 0.58772 0.48174 0.21958 0.45859 0.61036 0.23477 0.48021 0.49247 0.26782 0.50432
0.82910 0.80393 0.47239 0.60848 0.48637 0.58582 0.81946 0.29486 0.00000 0.19625 0.87336 0.13605 0.57065 0.96309 0.71998 0.74401 0.76268 0.50642 0.61127 0.81599 0.09147 0.66503 0.70147 0.53493 0.70385
0.91974 0.86983 0.52737 0.79103 0.66221 0.78145 0.98278 0.48980 0.19625 0.00000 1.05261 0.18480 0.68287 1.14835 0.91612 0.86834 0.95825 0.70267 0.74238 0.96193 0.27732 0.80750 0.85331 0.71675 0.88037
0.60926 0.71592 0.74388 0.68376 0.73796 0.39038 0.16783 0.59976 0.87336 1.05261 0.00000 0.98399 0.53431 0.12467 0.42199 0.43420 0.46158 0.47829 0.44091 0.29668 0.83108 0.36274 0.29508 0.33855 0.75233
0.96491 0.93734 0.60186 0.62501 0.49174 0.66548 0.94239 0.38762 0.13605 0.18480 0.98399 0.00000 0.70664 1.06587 0.78358 0.87885 0.81928 0.57765 0.74562 0.94615 0.15317 0.79689 0.83029 0.64652 0.70785
0.26675 0.28569 0.22152 0.81639 0.77505 0.55740 0.39170 0.46489 0.57065 0.68287 0.53431 0.70664 0.00000 0.65812 0.70521 0.18865 0.76431 0.56550 0.09424 0.31380 0.58747 0.17619 0.24379 0.35325 0.92203
0.72860 0.83785 0.86537 0.69358 0.76830 0.43047 0.28849 0.67828 0.96309 1.14835 0.12467 1.06587 0.65812 0.00000 0.41492 0.55688 0.44050 0.52434 0.56505 0.41471 0.91283 0.48735 0.41975 0.43212 0.74662
0.89894 0.97179 0.84082 0.28161 0.37682 0.15839 0.52838 0.43381 0.71998 0.91612 0.42199 0.78358 0.70521 0.41492 0.00000 0.71564 0.05913 0.21463 0.64024 0.63762 0.64336 0.60021 0.55945 0.35231 0.33314
0.18545 0.28207 0.39935 0.88466 0.87046 0.59072 0.26875 0.58772 0.74401 0.86834 0.43420 0.87885 0.18865 0.55688 0.71564 0.00000 0.77237 0.62746 0.13426 0.15299 0.74893 0.11965 0.15893 0.39265 0.98354
0.95617 1.03024 0.89889 0.27622 0.38747 0.21567 0.57776 0.48174 0.76268 0.95825 0.46158 0.81928 0.76431 0.44050 0.05913 0.77237 0.00000 0.26238 0.69889 0.69028 0.68319 0.65767 0.61544 0.41144 0.30868
0.79763 0.84825 0.66209 0.25728 0.26576 0.09452 0.51872 0.21958 0.50642 0.70267 0.47829 0.57765 0.56550 0.52434 0.21463 0.62746 0.26238 0.00000 0.52233 0.59469 0.43269 0.50800 0.48991 0.23519 0.35883
0.27662 0.33203 0.31334 0.77847 0.75224 0.50034 0.29779 0.45859 0.61127 0.74238 0.44091 0.74562 0.09424 0.56505 0.64024 0.13426 0.69889 0.52233 0.00000 0.22843 0.61469 0.08241 0.14959 0.29479 0.88115
0.31392 0.42583 0.53469 0.84514 0.85470 0.53748 0.12942 0.61036 0.81599 0.96193 0.29668 0.94615 0.31380 0.41471 0.63762 0.15299 0.69028 0.59469 0.22843 0.00000 0.80457 0.15465 0.11823 0.36721 0.93564
0.85224 0.83977 0.52183 0.51820 0.39498 0.51738 0.79371 0.23477 0.09147 0.27732 0.83108 0.15317 0.58747 0.91283 0.64336 0.74893 0.68319 0.43269 0.61469 0.80457 0.00000 0.65895 0.68735 0.49411 0.61264
0.29888 0.37841 0.39568 0.76513 0.75345 0.47172 0.21552 0.48021 0.66503 0.80750 0.36274 0.79689 0.17619 0.48735 0.60021 0.11965 0.65767 0.50800 0.08241 0.15465 0.65895 0.00000 0.06825 0.27305 0.86390
0.34438 0.43501 0.46174 0.74462 0.74504 0.44230 0.14872 0.49247 0.70147 0.85331 0.29508 0.83029 0.24379 0.41975 0.55945 0.15893 0.61544 0.48991 0.14959 0.11823 0.68735 0.06825 0.00000 0.25692 0.83950
0.56612 0.62614 0.50002 0.49212 0.48832 0.20583 0.31409 0.26782 0.53493 0.71675 0.33855 0.64652 0.35325 0.43212 0.35231 0.39265 0.41144 0.23519 0.29479 0.36721 0.49411 0.27305 0.25692 0.00000 0.59118
1.15614 1.20616 0.99514 0.10834 0.21834 0.39834 0.84098 0.50432 0.70385 0.88037 0.75233 0.70785 0.92203 0.74662 0.33314 0.98354 0.30868 0.35883 0.88115 0.93564 0.61264 0.86390 0.83950 0.59118 0.00000
