100 0
0.00000 0.15725 0.12313 0.55150 0.82414 0.71782 0.38478 0.54793 0.35202 0.89176 0.17072 0.58226 0.30619 0.73352 0.30040 0.55678 0.12151 0.61409 0.76945 0.42729 0.68981 0.42201 0.66352 0.29611 0.70813 0.81396 0.85703 0.22959 0.39191 0.46328 0.47784 0.54637 0.61642 0.64525 0.56632 0.72756 0.29590 0.35030 0.64290 0.50880 0.63484 0.94590 0.47191 0.39584 0.70139 0.17127 0.06304 0.21727 0.99008 0.30612 0.36626 0.92523 0.40735 0.61418 0.69281 0.44114 0.55152 1.03441 0.47673 0.55601 0.02670 0.80059 0.76672 0.48974 0.65919 0.16199 0.84050 0.49780 0.78841 1.01541 0.77008 0.20396 0.64351 0.91051 0.14904 0.68401 0.71993 0.03396 0.03575 0.36958 0.63090 0.16197 0.32090 0.21029 0.99800 0.81959 0.63905 0.56716 0.52837 0.34244 0.19310 0.50566 0.32533 0.53243 1.02709 0.58590 0.19400 0.41295 0.59033 0.84443
0.15725 0.00000 0.10717 0.57504 0.67385 0.56601 0.36785 0.55413 0.21897 0.79507 0.31163 0.42543 0.15386 0.57905 0.15273 0.43003 0.26010 0.64813 0.61238 0.39750 0.63769 0.35654 0.67925 0.39944 0.55252 0.65837 0.76368 0.22750 0.23467 0.52927 0.35486 0.54602 0.45939 0.61509 0.40914 0.58663 0.37379 0.28084 0.50468 0.39424 0.49125 0.80983 0.31496 0.26584 0.56386 0.19646 0.18028 0.08334 0.86024 0.23222 0.22195 0.80285 0.25012 0.53151 0.64083 0.44428 0.44771 0.91634 0.36482 0.40051 0.18000 0.64580 0.61477 0.54897 0.58382 0.08240 0.68439 0.40501 0.69296 0.89617 0.62450 0.13026 0.49094 0.78241 0.06648 0.71343 0.66026 0.19118 0.12272 0.38252 0.65362 0.20316 0.24786 0.17864 0.87373 0.68837 0.49279 0.44195 0.52687 0.18603 0.14738 0.56565 0.27892 0.49793 0.90155 0.49064 0.17716 0.25863 0.46810 0.70274
0.12313 0.10717 0.00000 0.47752 0.76651 0.65736 0.28364 0.46248 0.32518 0.76921 0.22848 0.49309 0.21329 0.66556 0.25494 0.53609 0.17986 0.54809 0.68837 0.32076 0.57704 0.30291 0.58506 0.41553 0.63627 0.74140 0.73480 0.13117 0.31356 0.42279 0.35753 0.45693 0.53722 0.54107 0.48080 0.68730 0.26672 0.22933 0.52708 0.50140 0.59091 0.82772 0.38561 0.37218 0.66627 0.25115 0.17797 0.19048 0.86960 0.33145 0.32435 0.80318 0.32929 0.49293 0.58010 0.35248 0.42839 0.91170 0.35431 0.46143 0.13179 0.73110 0.66234 0.44332 0.53955 0.05025 0.74528 0.37494 0.66586 0.89284 0.65844 0.08130 0.58176 0.78969 0.04956 0.61504 0.60480 0.14888 0.10732 0.28599 0.55693 0.09599 0.19891 0.09460 0.87620 0.69991 0.59053 0.54821 0.43806 0.25766 0.07158 0.45997 0.37061 0.42529 0.90551 0.46306 0.25096 0.34996 0.46907 0.80250
0.55150 0.57504 0.47752 0.00000 1.11084 1.00532 0.22366 0.06294 0.77011 0.61303 0.46917 0.78080 0.58499 0.99239 0.69155 0.96828 0.47677 0.07952 0.97013 0.22381 0.31233 0.32039 0.11325 0.81962 0.95552 1.04538 0.57373 0.34803 0.68154 0.16354 0.50602 0.08621 0.84973 0.21438 0.78429 1.07717 0.28083 0.35625 0.65203 0.95057 0.98216 0.85148 0.71106 0.81503 1.06721 0.71763 0.61338 0.65403 0.84879 0.80674 0.75262 0.75681 0.69332 0.39153 0.31345 0.13830 0.45189 0.82168 0.46417 0.73622 0.53678 1.04578 0.84006 0.13474 0.38232 0.49297 0.95898 0.40008 0.53494 0.81203 0.78520 0.45151 0.93569 0.77635 0.50866 0.13855 0.35592 0.55054 0.56109 0.19253 0.07972 0.39415 0.37759 0.39694 0.82412 0.72673 0.97284 0.98174 0.09416 0.62972 0.42843 0.13495 0.84812 0.20478 0.85460 0.42982 0.72612 0.74064 0.54316 1.18076
0.82414 0.67385 0.76651 1.11084 0.00000 0.10974 0.89344 1.06194 0.47987 0.90304 0.98548 0.33282 0.56340 0.12044 0.52387 0.32564 0.93394 1.19009 0.18796 0.88704 0.97618 0.79165 1.17979 0.94511 0.15843 0.11368 0.89926 0.83436 0.45733 1.13783 0.61385 1.04291 0.26158 1.02342 0.32676 0.14520 1.01451 0.75870 0.53378 0.39628 0.20194 0.65874 0.40446 0.44403 0.18359 0.74736 0.82176 0.60717 0.74061 0.58944 0.45850 0.76061 0.44221 0.81513 0.97866 0.97659 0.70478 0.86131 0.65795 0.37782 0.84949 0.09258 0.39859 1.14599 0.86747 0.71943 0.31280 0.73215 0.84729 0.84009 0.48606 0.72697 0.18516 0.70838 0.71698 1.23637 0.96664 0.85732 0.78842 0.94899 1.17305 0.85215 0.74391 0.78270 0.79083 0.63818 0.18997 0.32476 1.02665 0.51511 0.75908 1.16155 0.62955 0.93582 0.79965 0.75167 0.69793 0.41676 0.62722 0.11631
0.71782 0.56601 0.65736 1.00532 0.10974 0.00000 0.78649 0.95768 0.37865 0.83456 0.87754 0.23405 0.45366 0.05092 0.41745 0.25335 0.82607 1.08472 0.15083 0.78170 0.88360 0.68735 1.07707 0.85289 0.07617 0.12425 0.82695 0.72475 0.34759 1.02897 0.51354 0.93914 0.16095 0.92574 0.22404 0.12700 0.90479 0.65166 0.45222 0.32199 0.12199 0.62046 0.29625 0.34649 0.15324 0.64914 0.71801 0.50155 0.70122 0.49695 0.35387 0.70852 0.33247 0.72288 0.88620 0.87017 0.61008 0.81615 0.55769 0.27836 0.74286 0.10039 0.34614 1.03759 0.77707 0.61003 0.29160 0.63289 0.77055 0.79421 0.42891 0.61723 0.07561 0.65878 0.60786 1.13252 0.87689 0.75123 0.68207 0.84088 1.06899 0.74252 0.63594 0.67299 0.74733 0.57953 0.10137 0.25649 0.92252 0.40537 0.64934 1.05325 0.54232 0.83440 0.75999 0.65891 0.59980 0.30805 0.53752 0.18458
0.38478 0.36785 0.28364 0.22366 0.89344 0.78649 0.00000 0.18959 0.55022 0.56252 0.36866 0.56745 0.36160 0.77650 0.47149 0.74534 0.35220 0.30271 0.76222 0.04914 0.31262 0.12306 0.31643 0.67698 0.74035 0.83421 0.52372 0.15586 0.45803 0.26096 0.30599 0.17900 0.63390 0.26047 0.56846 0.85448 0.22247 0.13483 0.47343 0.72986 0.75908 0.72275 0.49073 0.59427 0.84388 0.53453 0.44742 0.44176 0.73964 0.59931 0.53061 0.65556 0.47001 0.28562 0.31541 0.08541 0.28935 0.74497 0.26974 0.52377 0.37829 0.83261 0.65492 0.26036 0.31136 0.28600 0.76732 0.22596 0.46421 0.73026 0.61391 0.23862 0.71547 0.66057 0.30358 0.35954 0.34794 0.39507 0.38341 0.07145 0.29652 0.22492 0.15402 0.19165 0.72867 0.59056 0.75026 0.75887 0.15982 0.40606 0.22158 0.27440 0.64643 0.14962 0.75980 0.29136 0.53340 0.51697 0.37263 0.95946
0.54793 0.55413 0.46248 0.06294 1.06194 0.95768 0.18959 0.00000 0.73970 0.55292 0.48449 0.73037 0.54885 0.94275 0.66097 0.93287 0.48545 0.13273 0.91682 0.17808 0.25362 0.27037 0.12688 0.82662 0.90552 0.99321 0.51343 0.33131 0.64146 0.21175 0.45258 0.02333 0.80041 0.15824 0.73518 1.03394 0.29923 0.31506 0.59309 0.91906 0.93997 0.78857 0.66557 0.78352 1.02564 0.70907 0.61075 0.63015 0.78600 0.78630 0.71931 0.69414 0.65246 0.32879 0.25498 0.11014 0.39239 0.76029 0.40983 0.68553 0.53588 0.99453 0.78145 0.18726 0.31960 0.47175 0.90127 0.34294 0.47299 0.75031 0.72481 0.42660 0.88942 0.71343 0.48856 0.17512 0.29729 0.55086 0.55357 0.17872 0.11140 0.38683 0.33973 0.37571 0.76174 0.66406 0.92955 0.94648 0.03543 0.59178 0.40678 0.19078 0.83112 0.14309 0.79228 0.36833 0.71332 0.70192 0.48377 1.13526
0.35202 0.21897 0.32518 0.77011 0.47987 0.37865 0.55022 0.73970 0.00000 0.85466 0.52031 0.31854 0.20078 0.40389 0.07873 0.21106 0.46910 0.84679 0.46269 0.56782 0.76842 0.49931 0.86658 0.48258 0.38629 0.48850 0.83061 0.43258 0.16107 0.74276 0.40981 0.72765 0.31838 0.76946 0.29394 0.37567 0.59166 0.43273 0.49319 0.18079 0.28435 0.78108 0.22776 0.04703 0.34951 0.27159 0.34282 0.13842 0.84665 0.14068 0.04405 0.81063 0.16564 0.63181 0.77153 0.63347 0.52438 0.92870 0.44050 0.31694 0.37839 0.47076 0.53449 0.76015 0.68969 0.28950 0.56741 0.50578 0.76061 0.90677 0.57432 0.32114 0.30893 0.77723 0.27911 0.90813 0.78090 0.38377 0.31706 0.58069 0.84592 0.42066 0.40347 0.37908 0.87360 0.68067 0.29097 0.22305 0.70864 0.17367 0.34847 0.77680 0.20189 0.65576 0.89714 0.57620 0.22265 0.12131 0.50498 0.49255
0.89176 0.79507 0.76921 0.61303 0.90304 0.83456 0.56252 0.55292 0.85466 0.00000 0.92445 0.62602 0.67667 0.79414 0.79631 0.95818 0.89899 0.65726 0.71588 0.51394 0.30136 0.47616 0.58582 1.18330 0.75966 0.79637 0.03981 0.68280 0.69530 0.75871 0.45082 0.53156 0.69048 0.40073 0.64827 0.95422 0.78264 0.54258 0.39142 0.98521 0.88955 0.32897 0.65041 0.87794 0.96715 0.99152 0.94636 0.82736 0.28349 0.97205 0.81373 0.19621 0.69413 0.28202 0.30055 0.57410 0.34740 0.21466 0.43161 0.59365 0.89587 0.81207 0.50789 0.73825 0.25181 0.73949 0.61885 0.39454 0.10336 0.21018 0.41992 0.69054 0.79894 0.24341 0.75689 0.64966 0.25831 0.91363 0.87507 0.62409 0.61223 0.75768 0.57094 0.68414 0.23885 0.27240 0.86805 0.97076 0.53249 0.68565 0.69867 0.74325 1.03431 0.43807 0.26470 0.30656 0.96776 0.74922 0.34979 1.01186
0.17072 0.31163 0.22848 0.46917 0.98548 0.87754 0.36866 0.48449 0.52031 0.92445 0.00000 0.72154 0.44153 0.88926 0.46292 0.72697 0.05160 0.51629 0.91610 0.41758 0.67915 0.45084 0.58161 0.35677 0.86139 0.96698 0.88668 0.24675 0.53938 0.34367 0.56309 0.49012 0.76428 0.61331 0.70892 0.89478 0.18838 0.39535 0.74021 0.67952 0.80073 1.03231 0.61364 0.56503 0.86975 0.32436 0.20572 0.38310 1.06576 0.47461 0.53096 0.99114 0.55514 0.64272 0.68181 0.39342 0.60879 1.09188 0.54920 0.68973 0.14405 0.95556 0.88681 0.37492 0.67653 0.27872 0.97310 0.54697 0.82311 1.07491 0.87653 0.29587 0.80234 0.98512 0.27540 0.58707 0.71602 0.14365 0.20407 0.32353 0.54372 0.17795 0.37560 0.26551 1.06512 0.90104 0.80346 0.73753 0.47511 0.48479 0.26912 0.38877 0.48738 0.51457 1.09556 0.63084 0.35735 0.56975 0.66762 1.01146
0.58226 0.42543 0.49309 0.78080 0.33282 0.23405 0.56745 0.73037 0.31854 0.62602 0.72154 0.00000 0.28019 0.21276 0.30971 0.34120 0.67223 0.85969 0.19999 0.55722 0.65003 0.46061 0.84717 0.78710 0.17525 0.26705 0.61302 0.53030 0.19309 0.81972 0.28105 0.71094 0.07315 0.69200 0.02639 0.33707 0.71231 0.43406 0.23466 0.38259 0.26398 0.47708 0.11052 0.31563 0.34448 0.56847 0.60129 0.38853 0.54975 0.45922 0.27621 0.53182 0.17877 0.48963 0.65266 0.64871 0.37619 0.64787 0.32517 0.04501 0.60363 0.26532 0.21652 0.82477 0.54460 0.44287 0.26024 0.39970 0.55148 0.62544 0.26707 0.43444 0.17901 0.48959 0.44670 0.90432 0.64456 0.61603 0.54813 0.62732 0.84120 0.56382 0.42368 0.48342 0.58522 0.39756 0.24338 0.35258 0.69499 0.23990 0.46572 0.83975 0.51975 0.60301 0.60471 0.42557 0.52378 0.19937 0.30676 0.41819
0.30619 0.15386 0.21329 0.58499 0.56340 0.45366 0.36160 0.54885 0.20078 0.67667 0.44153 0.28019 0.00000 0.45691 0.12703 0.38403 0.39205 0.66354 0.47521 0.37310 0.56822 0.29927 0.67526 0.54699 0.42590 0.53017 0.64901 0.27244 0.10621 0.58211 0.22592 0.53497 0.32475 0.56924 0.26751 0.50166 0.45121 0.23585 0.35570 0.37356 0.40468 0.66037 0.17237 0.23984 0.48716 0.33321 0.33414 0.15353 0.71434 0.29691 0.17273 0.66260 0.12119 0.43617 0.57134 0.44674 0.33456 0.77843 0.24886 0.25064 0.32589 0.52119 0.46134 0.59427 0.49323 0.16325 0.53540 0.30835 0.57804 0.75754 0.47125 0.16359 0.37847 0.63815 0.16651 0.72104 0.58204 0.33939 0.27372 0.40286 0.65780 0.29046 0.20915 0.21975 0.73155 0.54261 0.39929 0.39763 0.51629 0.04854 0.19571 0.61051 0.35821 0.45654 0.75832 0.38419 0.29986 0.15787 0.33396 0.61232
0.73352 0.57905 0.66556 0.99239 0.12044 0.05092 0.77650 0.94275 0.40389 0.79414 0.88926 0.21276 0.45691 0.00000 0.43469 0.29785 0.83808 1.07149 0.09994 0.76861 0.85642 0.67265 1.05993 0.88338 0.03802 0.08517 0.78808 0.72452 0.35241 1.02402 0.49365 0.92349 0.14273 0.90298 0.20822 0.17661 0.90594 0.64205 0.41723 0.36481 0.16786 0.57179 0.29127 0.37585 0.20407 0.67548 0.73786 0.51958 0.65286 0.52881 0.37491 0.66279 0.33679 0.69537 0.85892 0.85899 0.58454 0.76900 0.53772 0.25777 0.75791 0.06736 0.29935 1.03105 0.74820 0.61705 0.24070 0.61177 0.73362 0.74718 0.38379 0.61997 0.09545 0.61237 0.61641 1.11692 0.84760 0.76726 0.69785 0.83366 1.05371 0.74732 0.62866 0.67407 0.69977 0.53533 0.14508 0.30213 0.90740 0.40954 0.65208 1.04641 0.57726 0.81570 0.71175 0.63177 0.62646 0.32067 0.50794 0.21830
0.30040 0.15273 0.25494 0.69155 0.52387 0.41745 0.47149 0.66097 0.07873 0.79631 0.46292 0.30971 0.12703 0.43469 0.00000 0.28381 0.41132 0.76840 0.47905 0.48940 0.69488 0.42272 0.78785 0.47748 0.41134 0.51669 0.77029 0.35595 0.12303 0.66736 0.34670 0.64898 0.32750 0.69278 0.28840 0.43394 0.51954 0.35489 0.45100 0.25906 0.33856 0.74864 0.20445 0.12373 0.41167 0.25876 0.30368 0.08495 0.80959 0.17671 0.06950 0.76648 0.13419 0.56270 0.69801 0.55478 0.45881 0.88397 0.37360 0.29703 0.32562 0.50200 0.51873 0.68390 0.61998 0.21540 0.56837 0.43520 0.69964 0.86244 0.54725 0.24372 0.34340 0.73689 0.20693 0.82950 0.70906 0.33377 0.26466 0.50256 0.76723 0.34892 0.32522 0.30211 0.83238 0.64018 0.34057 0.29652 0.62996 0.11102 0.27195 0.70051 0.23998 0.57843 0.85745 0.50945 0.21462 0.11721 0.44864 0.55001
0.55678 0.43003 0.53609 0.96828 0.32564 0.25335 0.74534 0.93287 0.21106 0.95818 0.72697 0.34120 0.38403 0.29785 0.28381 0.00000 0.67633 1.04636 0.38830 0.75661 0.92732 0.67727 1.05919 0.62709 0.30061 0.37760 0.94105 0.63926 0.29842 0.95109 0.54787 0.91877 0.29529 0.94347 0.31602 0.19120 0.80230 0.61898 0.56943 0.07065 0.13142 0.81172 0.31246 0.16425 0.15643 0.44485 0.53834 0.34878 0.88741 0.27799 0.21728 0.87300 0.29118 0.77703 0.93030 0.83023 0.66240 0.98879 0.58697 0.36643 0.58345 0.35341 0.53753 0.96722 0.83539 0.49894 0.52247 0.66037 0.87517 0.96635 0.60347 0.52650 0.21555 0.83015 0.48947 1.10488 0.93259 0.58688 0.52290 0.78262 1.04174 0.63134 0.59314 0.58523 0.92523 0.73874 0.15285 0.01380 0.90017 0.34209 0.55546 0.98380 0.30868 0.83507 0.94359 0.71557 0.39677 0.23562 0.61775 0.30277
0.12151 0.26010 0.17986 0.47677 0.93394 0.82607 0.35220 0.48545 0.46910 0.89899 0.05160 0.67223 0.39205 0.83808 0.41132 0.67633 0.00000 0.53014 0.86596 0.40014 0.66478 0.42310 0.58999 0.34285 0.81044 0.91610 0.86191 0.21645 0.48876 0.36485 0.52310 0.48866 0.71387 0.60501 0.65913 0.84332 0.20062 0.36258 0.69854 0.62981 0.74918 0.99378 0.56382 0.51402 0.81846 0.28259 0.16352 0.33167 1.02980 0.42724 0.47940 0.95736 0.50451 0.61700 0.66756 0.38770 0.57550 1.06044 0.51190 0.64119 0.09518 0.90447 0.84097 0.39438 0.65409 0.23002 0.92514 0.51516 0.79673 1.04292 0.83334 0.25114 0.75090 0.94923 0.22558 0.60105 0.69988 0.09783 0.15367 0.31573 0.55376 0.14280 0.34017 0.22684 1.03122 0.86334 0.75187 0.68702 0.47245 0.43462 0.22642 0.40925 0.44321 0.50096 1.06139 0.60077 0.31225 0.51836 0.63000 0.95998
0.61409 0.64813 0.54809 0.07952 1.19009 1.08472 0.30271 0.13273 0.84679 0.65726 0.51629 0.85969 0.66354 1.07149 0.76840 1.04636 0.53014 0.00000 1.04810 0.30307 0.35679 0.39910 0.08682 0.87155 1.03454 1.12380 0.61886 0.42063 0.76073 0.18130 0.58379 0.15498 0.92887 0.25752 0.86346 1.15662 0.32989 0.43572 0.72571 1.02745 1.06153 0.91282 0.79057 0.89203 1.14650 0.78277 0.67477 0.72826 0.90516 0.87889 0.83027 0.81218 0.77261 0.45629 0.35732 0.21731 0.52491 0.86954 0.54148 0.81503 0.59747 1.12450 0.91411 0.14803 0.44016 0.56657 1.03400 0.47555 0.58678 0.86144 0.85669 0.52692 1.01518 0.83519 0.58165 0.07093 0.39914 0.61016 0.62641 0.26669 0.04796 0.46096 0.45672 0.47114 0.87712 0.79101 1.05230 1.05979 0.16764 0.70859 0.50261 0.13912 0.91825 0.27471 0.90708 0.49933 0.79405 0.81959 0.61630 1.26028
0.76945 0.61238 0.68837 0.97013 0.18796 0.15083 0.76222 0.91682 0.46269 0.71588 0.91610 0.19999 0.47521 0.09994 0.47905 0.38830 0.86596 1.04810 0.00000 0.74816 0.80598 0.65028 1.02873 0.94522 0.08769 0.08260 0.71320 0.73028 0.37809 1.01744 0.46433 0.89629 0.15304 0.86139 0.20812 0.27583 0.91230 0.63055 0.35618 0.45199 0.26231 0.47620 0.30286 0.44212 0.30401 0.73144 0.78137 0.56315 0.55776 0.59621 0.42772 0.57345 0.36248 0.64583 0.80827 0.84141 0.54092 0.67628 0.50703 0.24045 0.79232 0.09620 0.21067 1.02128 0.69517 0.63845 0.14077 0.57707 0.66332 0.65477 0.29811 0.63317 0.17381 0.52170 0.64071 1.08849 0.79281 0.80341 0.73436 0.82426 1.02629 0.76248 0.62207 0.68311 0.60630 0.45022 0.23819 0.39411 0.88141 0.43135 0.66471 1.03595 0.64931 0.78326 0.61681 0.58389 0.68356 0.36183 0.45701 0.30104
0.42729 0.39750 0.32076 0.22381 0.88704 0.78170 0.04914 0.17808 0.56782 0.51394 0.41758 0.55722 0.37310 0.76861 0.48940 0.75661 0.40014 0.30307 0.74816 0.00000 0.26543 0.09814 0.30303 0.72129 0.73178 0.82244 0.47502 0.19773 0.46364 0.29024 0.28569 0.16238 0.62593 0.22033 0.56049 0.85601 0.26961 0.13768 0.44459 0.74553 0.76191 0.68271 0.48821 0.61043 0.84756 0.57177 0.48941 0.46730 0.69664 0.62660 0.54494 0.61123 0.47448 0.23873 0.26829 0.09493 0.25313 0.69847 0.24590 0.51275 0.42230 0.82237 0.62939 0.28465 0.26251 0.31724 0.74477 0.19216 0.41623 0.68417 0.58340 0.26723 0.71254 0.61819 0.33547 0.35294 0.29974 0.43937 0.42358 0.11338 0.28915 0.26969 0.16456 0.22665 0.68394 0.55126 0.75161 0.77028 0.14412 0.41481 0.25464 0.29714 0.67631 0.10520 0.71510 0.24933 0.56763 0.52445 0.34012 0.95804
0.68981 0.63769 0.57704 0.31233 0.97618 0.88360 0.31262 0.25362 0.76842 0.30136 0.67915 0.65003 0.56822 0.85642 0.69488 0.92732 0.66478 0.35679 0.80598 0.26543 0.00000 0.28121 0.29017 0.98521 0.81848 0.88784 0.26249 0.46143 0.63084 0.46340 0.38192 0.23342 0.72312 0.09947 0.66346 0.98308 0.51367 0.35685 0.45155 0.93278 0.89865 0.56999 0.62215 0.80442 0.98430 0.82452 0.75098 0.69507 0.55335 0.85419 0.73610 0.45971 0.63659 0.16106 0.00315 0.29505 0.27417 0.51276 0.34084 0.60674 0.68642 0.89556 0.63123 0.44060 0.11217 0.56379 0.75498 0.26701 0.23245 0.50475 0.55734 0.51157 0.82679 0.48799 0.58250 0.35584 0.04367 0.70370 0.68299 0.35800 0.31291 0.53471 0.38983 0.48276 0.52201 0.45926 0.88252 0.94104 0.23715 0.59729 0.50689 0.44439 0.91000 0.16459 0.55154 0.22476 0.81394 0.69329 0.34955 1.06807
0.42201 0.35654 0.30291 0.32039 0.79165 0.68735 0.12306 0.27037 0.49931 0.47616 0.45084 0.46061 0.29927 0.67265 0.42272 0.67727 0.42310 0.39910 0.65028 0.09814 0.28121 0.00000 0.39102 0.71761 0.63556 0.72503 0.43956 0.20671 0.38010 0.38309 0.18758 0.25191 0.53017 0.27015 0.46488 0.76601 0.33408 0.07592 0.35054 0.67226 0.67334 0.60454 0.39649 0.53910 0.75950 0.54543 0.48039 0.41517 0.62632 0.57498 0.47172 0.54589 0.38951 0.19456 0.28435 0.19265 0.16946 0.64230 0.14848 0.41592 0.42319 0.72542 0.53326 0.38020 0.23719 0.28422 0.64745 0.10502 0.37367 0.62602 0.49086 0.23202 0.61951 0.54630 0.30288 0.44519 0.30451 0.44094 0.41020 0.19402 0.38165 0.28152 0.10882 0.21175 0.61973 0.47183 0.66177 0.69105 0.23517 0.33603 0.23139 0.39336 0.62960 0.15790 0.65063 0.18121 0.53309 0.44233 0.24988 0.86556
0.66352 0.67925 0.58506 0.11325 1.17979 1.07707 0.31643 0.12688 0.86658 0.58582 0.58161 0.84717 0.67526 1.05993 0.78785 1.05919 0.58999 0.08682 1.02873 0.30303 0.29017 0.39102 0.00000 0.93284 1.02237 1.10680 0.54844 0.45430 0.76658 0.26020 0.56680 0.14065 0.91833 0.19452 0.85354 1.15686 0.39325 0.44063 0.69325 1.04591 1.06364 0.85691 0.78751 0.91038 1.14958 0.82834 0.72567 0.75618 0.84336 0.91147 0.84605 0.74977 0.77721 0.41026 0.29015 0.23519 0.49330 0.79982 0.52305 0.80217 0.64934 1.10951 0.88131 0.22757 0.38500 0.59686 1.00336 0.45166 0.52261 0.79306 0.81804 0.55265 1.01022 0.77657 0.61332 0.06621 0.33030 0.66332 0.67198 0.29913 0.04151 0.50477 0.46612 0.50062 0.81198 0.73992 1.05255 1.07283 0.15905 0.71771 0.53190 0.22127 0.95502 0.24547 0.84130 0.46058 0.83510 0.82747 0.58362 1.25637
0.29611 0.39944 0.41553 0.81962 0.94511 0.85289 0.67698 0.82662 0.48258 1.18330 0.35677 0.78710 0.54699 0.88338 0.47748 0.62709 0.34285 0.87155 0.94522 0.72129 0.98521 0.71761 0.93284 0.00000 0.86814 0.96851 1.14955 0.52389 0.59809 0.70043 0.75322 0.82836 0.79872 0.93661 0.76527 0.81813 0.54174 0.64481 0.90234 0.55964 0.74318 1.20729 0.68117 0.50754 0.78337 0.21902 0.23756 0.40318 1.25942 0.35614 0.51849 1.20202 0.61070 0.90845 0.98817 0.72503 0.83880 1.31483 0.75935 0.77337 0.29899 0.94922 0.99470 0.73166 0.95469 0.44411 1.04458 0.78879 1.08007 1.29490 1.01567 0.49281 0.78793 1.18181 0.42716 0.94247 1.01588 0.28197 0.30859 0.65249 0.89644 0.45207 0.61436 0.50615 1.27312 1.08750 0.75653 0.63199 0.81140 0.56624 0.48700 0.74554 0.31855 0.82602 1.30100 0.87674 0.26362 0.59036 0.86674 0.92888
0.70813 0.55252 0.63627 0.95552 0.15843 0.07617 0.74035 0.90552 0.38629 0.75966 0.86139 0.17525 0.42590 0.03802 0.41134 0.30061 0.81044 1.03454 0.08769 0.73178 0.81848 0.63556 1.02237 0.86814 0.00000 0.10585 0.75283 0.69147 0.32271 0.98912 0.45592 0.88616 0.10656 0.86499 0.17190 0.20230 0.87322 0.60610 0.38042 0.36454 0.17561 0.54560 0.25779 0.36179 0.22546 0.65737 0.71501 0.49626 0.62606 0.51580 0.35455 0.63236 0.30698 0.65744 0.82099 0.82253 0.54652 0.74028 0.49996 0.22022 0.73208 0.09537 0.27032 0.99568 0.71039 0.58729 0.22489 0.57388 0.69757 0.71830 0.35274 0.58828 0.08662 0.58273 0.58740 1.07956 0.80985 0.74199 0.67258 0.79821 1.01641 0.71630 0.59336 0.64160 0.67165 0.50341 0.15119 0.30650 0.87016 0.37918 0.62033 1.01096 0.56687 0.77800 0.68471 0.59381 0.60875 0.29549 0.47015 0.25444
0.81396 0.65837 0.74140 1.04538 0.11368 0.12425 0.83421 0.99321 0.48850 0.79637 0.96698 0.26705 0.53017 0.08517 0.51669 0.37760 0.91610 1.12380 0.08260 0.82244 0.88784 0.72503 1.10680 0.96851 0.10585 0.00000 0.79455 0.79306 0.42793 1.08660 0.54077 0.97306 0.20654 0.94183 0.26945 0.23041 0.97511 0.70109 0.43863 0.44607 0.24623 0.54520 0.36008 0.46100 0.26452 0.76006 0.82029 0.60164 0.62707 0.61398 0.45854 0.64880 0.41218 0.72744 0.89016 0.91481 0.62134 0.74818 0.58407 0.31044 0.83793 0.02631 0.28914 1.09182 0.77726 0.69221 0.19917 0.65546 0.74548 0.72707 0.37717 0.69169 0.18059 0.59617 0.69269 1.16581 0.87512 0.84781 0.77840 0.89436 1.10326 0.82023 0.69047 0.74405 0.67758 0.52868 0.22531 0.38064 0.95778 0.48396 0.72364 1.10679 0.66214 0.86141 0.68609 0.66517 0.71114 0.40121 0.53856 0.22991
0.85703 0.76368 0.73480 0.57373 0.89926 0.82695 0.52372 0.51343 0.83061 0.03981 0.88668 0.61302 0.64901 0.78808 0.77029 0.94105 0.86191 0.61886 0.71320 0.47502 0.26249 0.43956 0.54844 1.14955 0.75283 0.79455 0.00000 0.64596 0.67239 0.71894 0.42378 0.49199 0.67939 0.36194 0.63439 0.94463 0.74342 0.50721 0.37871 0.96567 0.87699 0.34931 0.63114 0.85542 0.95609 0.96008 0.91232 0.79847 0.31087 0.94529 0.79035 0.22007 0.67197 0.24504 0.26177 0.53439 0.31686 0.25138 0.40201 0.57878 0.86057 0.80920 0.50787 0.69857 0.21263 0.70625 0.62244 0.36097 0.07108 0.24528 0.42061 0.65676 0.78819 0.26289 0.72385 0.61268 0.21972 0.87834 0.84108 0.58480 0.57414 0.72100 0.53614 0.64865 0.26990 0.27845 0.85605 0.95383 0.49278 0.66009 0.66396 0.70365 1.00714 0.39831 0.29721 0.27352 0.93746 0.72775 0.32727 1.00629
0.22959 0.22750 0.13117 0.34803 0.83436 0.72475 0.15586 0.33131 0.43258 0.68280 0.24675 0.53030 0.27244 0.72452 0.35595 0.63926 0.21645 0.42063 0.73028 0.19773 0.46143 0.20671 0.45430 0.52389 0.69147 0.79306 0.64596 0.00000 0.37841 0.31246 0.32508 0.32593 0.58664 0.41609 0.52409 0.77281 0.18213 0.14880 0.50448 0.61297 0.67564 0.78895 0.43369 0.47905 0.75634 0.38003 0.29191 0.30819 0.81988 0.45874 0.42220 0.74445 0.39300 0.40093 0.46438 0.22132 0.36211 0.84540 0.30597 0.49153 0.22500 0.78667 0.66553 0.32799 0.43993 0.14625 0.76394 0.30026 0.58038 0.82828 0.64425 0.11303 0.65000 0.73925 0.16102 0.48620 0.49313 0.24227 0.22761 0.15566 0.42705 0.07532 0.13193 0.05415 0.81844 0.65688 0.67128 0.65216 0.30713 0.32097 0.08410 0.34459 0.50076 0.30284 0.84892 0.38480 0.38208 0.42839 0.42410 0.88450
0.39191 0.23467 0.31356 0.68154 0.45733 0.34759 0.45803 0.64146 0.16107 0.69530 0.53938 0.19309 0.10621 0.35241 0.12303 0.29842 0.48876 0.76073 0.37809 0.46364 0.63084 0.38010 0.76658 0.59809 0.32271 0.42793 0.67239 0.37841 0.00000 0.68679 0.25717 0.62593 0.22537 0.64508 0.17503 0.39815 0.55740 0.32645 0.33332 0.30290 0.30178 0.62699 0.08359 0.18311 0.38596 0.37908 0.40839 0.19636 0.68967 0.29255 0.11871 0.65054 0.01576 0.48493 0.63386 0.54342 0.37305 0.76852 0.29279 0.17528 0.41438 0.41760 0.39672 0.69794 0.54339 0.26470 0.45332 0.36399 0.60300 0.74669 0.42438 0.26967 0.27231 0.61852 0.26475 0.81555 0.63849 0.42585 0.35716 0.50431 0.75190 0.39541 0.30402 0.32593 0.71460 0.52179 0.29481 0.31222 0.60776 0.05779 0.30176 0.71404 0.35603 0.53752 0.73883 0.42594 0.33664 0.06282 0.34557 0.50725
0.46328 0.52927 0.42279 0.16354 1.13783 1.02897 0.26096 0.21175 0.74276 0.75871 0.34367 0.81972 0.58211 1.02402 0.66736 0.95109 0.36485 0.18130 1.01744 0.29024 0.46340 0.38309 0.26020 0.70043 0.98912 1.08660 0.71894 0.31246 0.68679 0.00000 0.56666 0.23029 0.88271 0.36990 0.81796 1.08373 0.16749 0.38722 0.73346 0.92201 0.98668 0.96788 0.73352 0.78959 1.06823 0.63455 0.52011 0.61248 0.97505 0.75077 0.73436 0.88584 0.70070 0.51079 0.46498 0.19962 0.54315 0.96108 0.53067 0.77731 0.44307 1.08309 0.91587 0.03327 0.51520 0.45335 1.02795 0.48232 0.67266 0.94949 0.87316 0.42549 0.95543 0.89885 0.46487 0.24959 0.50686 0.45334 0.48186 0.19382 0.21889 0.32771 0.39614 0.36661 0.95625 0.83800 0.98129 0.96387 0.22671 0.63025 0.39575 0.04518 0.78224 0.32544 0.98724 0.53474 0.65305 0.73946 0.63025 1.19403
0.47784 0.35486 0.35753 0.50602 0.61385 0.51354 0.30599 0.45258 0.40981 0.45082 0.56309 0.28105 0.22592 0.49365 0.34670 0.54787 0.52310 0.58379 0.46433 0.28569 0.38192 0.18758 0.56680 0.75322 0.45592 0.54077 0.42378 0.32508 0.25717 0.56666 0.00000 0.43229 0.35319 0.41315 0.28959 0.60456 0.49227 0.18725 0.17946 0.55938 0.51767 0.47118 0.24023 0.43872 0.60370 0.54910 0.52307 0.37774 0.51228 0.52154 0.37158 0.44923 0.26024 0.22921 0.38481 0.38019 0.11588 0.56165 0.04416 0.23608 0.48920 0.54280 0.35069 0.56606 0.28764 0.31606 0.46134 0.11976 0.35300 0.54168 0.32001 0.27688 0.45089 0.43268 0.33057 0.62511 0.38486 0.50603 0.45346 0.37364 0.56249 0.38553 0.19396 0.29759 0.52118 0.34240 0.50246 0.56148 0.41716 0.23719 0.29734 0.57971 0.58357 0.32208 0.54984 0.16887 0.52106 0.31758 0.11356 0.69599
0.54637 0.54602 0.45693 0.08621 1.04291 0.93914 0.17900 0.02333 0.72765 0.53156 0.49012 0.71094 0.53497 0.92349 0.64898 0.91877 0.48866 0.15498 0.89629 0.16238 0.23342 0.25191 0.14065 0.82836 0.88616 0.97306 0.49199 0.32593 0.62593 0.23029 0.43229 0.00000 0.78133 0.14024 0.71623 1.01694 0.30716 0.30002 0.57075 0.90641 0.92339 0.76528 0.64800 0.77101 1.00924 0.70523 0.60935 0.62073 0.76297 0.77790 0.70621 0.67122 0.63662 0.30545 0.23491 0.10541 0.36994 0.73818 0.38926 0.66603 0.53536 0.97470 0.75918 0.20726 0.29667 0.46382 0.87927 0.32140 0.45060 0.72801 0.70199 0.41743 0.87140 0.69025 0.48099 0.19346 0.27701 0.55073 0.55051 0.17696 0.13029 0.38463 0.32591 0.36825 0.73902 0.64073 0.91258 0.93243 0.01919 0.57714 0.39897 0.21170 0.82394 0.12008 0.76961 0.34525 0.70789 0.68683 0.46132 1.11740
0.61642 0.45939 0.53722 0.84973 0.26158 0.16095 0.63390 0.80041 0.31838 0.69048 0.76428 0.07315 0.32475 0.14273 0.32750 0.29529 0.71387 0.92887 0.15304 0.62593 0.72312 0.53017 0.91833 0.79872 0.10656 0.20654 0.67939 0.58664 0.22537 0.88271 0.35319 0.78133 0.00000 0.76488 0.06549 0.26646 0.76864 0.49957 0.30087 0.34616 0.20063 0.51664 0.15361 0.30472 0.27676 0.58271 0.62878 0.41101 0.59310 0.45643 0.28031 0.58425 0.20969 0.56263 0.72574 0.71627 0.44933 0.69800 0.39735 0.11747 0.63935 0.20060 0.24262 0.88914 0.61738 0.48758 0.24997 0.47226 0.61958 0.67561 0.30955 0.48537 0.10887 0.53888 0.48907 0.97480 0.71731 0.65038 0.58132 0.69165 0.91148 0.61416 0.48685 0.53751 0.63273 0.45076 0.17811 0.30514 0.76510 0.27962 0.51727 0.90440 0.51336 0.67474 0.64991 0.49859 0.53565 0.21051 0.37883 0.34504
0.64525 0.61509 0.54107 0.21438 1.02342 0.92574 0.26047 0.15824 0.76946 0.40073 0.61331 0.69200 0.56924 0.90298 0.69278 0.94347 0.60501 0.25752 0.86139 0.22033 0.09947 0.27015 0.19452 0.93661 0.86499 0.94183 0.36194 0.41609 0.64508 0.36990 0.41315 0.14024 0.76488 0.00000 0.70227 1.01714 0.43783 0.33995 0.51422 0.94149 0.92837 0.66239 0.64916 0.80899 1.01472 0.79209 0.70787 0.68081 0.64981 0.84089 0.74136 0.55641 0.65301 0.22281 0.10019 0.22029 0.32051 0.61216 0.36932 0.64741 0.63839 0.94720 0.69985 0.34529 0.19130 0.53622 0.82320 0.29339 0.32992 0.60393 0.63167 0.48524 0.86403 0.58218 0.55466 0.26071 0.14249 0.65499 0.64323 0.29005 0.21433 0.48491 0.37178 0.44695 0.62015 0.54638 0.91430 0.95728 0.14789 0.60447 0.47456 0.34798 0.89292 0.11716 0.64993 0.27964 0.78728 0.70785 0.40648 1.10888
0.56632 0.40914 0.48080 0.78429 0.32676 0.22404 0.56846 0.73518 0.29394 0.64827 0.70892 0.02639 0.26751 0.20822 0.28840 0.31602 0.65913 0.86346 0.20812 0.56049 0.66346 0.46488 0.85354 0.76527 0.17190 0.26945 0.63439 0.52409 0.17503 0.81796 0.28959 0.71623 0.06549 0.70227 0.00000 0.32056 0.70622 0.43422 0.25692 0.35646 0.24347 0.50345 0.09531 0.28986 0.32572 0.54698 0.58326 0.36868 0.57599 0.43457 0.25208 0.55724 0.16009 0.50376 0.66615 0.65078 0.38929 0.67352 0.33372 0.05751 0.58826 0.26514 0.24210 0.82406 0.55953 0.43074 0.28004 0.40911 0.57190 0.65109 0.29343 0.42520 0.16335 0.51542 0.43359 0.90969 0.65947 0.60019 0.53182 0.62654 0.84632 0.55444 0.42192 0.47590 0.61116 0.42298 0.22389 0.32759 0.69990 0.22498 0.45683 0.83926 0.49473 0.61043 0.63083 0.43969 0.50172 0.17594 0.32370 0.40662
0.72756 0.58663 0.68730 1.07717 0.14520 0.12700 0.85448 1.03394 0.37567 0.95422 0.89478 0.33707 0.50166 0.17661 0.43394 0.19120 0.84332 1.15662 0.27583 0.85601 0.98308 0.76601 1.15686 0.81813 0.20230 0.23041 0.94463 0.77281 0.39815 1.08373 0.60456 1.01694 0.26646 1.01714 0.32056 0.00000 0.94711 0.72092 0.56681 0.26039 0.09720 0.74744 0.36988 0.33356 0.03858 0.63092 0.71668 0.51168 0.82815 0.46656 0.36472 0.83396 0.38518 0.82400 0.98582 0.93963 0.70905 0.94253 0.64803 0.37797 0.75382 0.20412 0.47261 1.09575 0.88003 0.64401 0.41595 0.72409 0.88577 0.92052 0.55424 0.66092 0.15809 0.78476 0.63825 1.20894 0.97995 0.75943 0.69241 0.90245 1.14516 0.77878 0.70080 0.71916 0.87395 0.70381 0.10440 0.18751 0.99942 0.45372 0.69225 1.11192 0.49984 0.91897 0.88688 0.75998 0.58200 0.34445 0.64368 0.11689
0.29590 0.37379 0.26672 0.28083 1.01451 0.90479 0.22247 0.29923 0.59166 0.78264 0.18838 0.71231 0.45121 0.90594 0.51954 0.80230 0.20062 0.32989 0.91230 0.26961 0.51367 0.33408 0.39325 0.54174 0.87322 0.97511 0.74342 0.18213 0.55740 0.16749 0.49227 0.30716 0.76864 0.43783 0.70622 0.94711 0.00000 0.30535 0.67030 0.76796 0.85002 0.93845 0.61550 0.63869 0.92836 0.46716 0.35272 0.45692 0.95955 0.58784 0.58837 0.87697 0.57237 0.50800 0.51605 0.21912 0.50340 0.96744 0.46539 0.67317 0.27560 0.96849 0.84007 0.19510 0.53084 0.30444 0.94248 0.43887 0.68578 0.95268 0.81167 0.28788 0.82967 0.87986 0.31287 0.40082 0.55366 0.28610 0.31546 0.15879 0.35558 0.17100 0.30070 0.23196 0.95034 0.80565 0.84727 0.81458 0.29377 0.49964 0.25593 0.21059 0.61667 0.35152 0.98143 0.51172 0.48671 0.60397 0.57906 1.06052
0.35030 0.28084 0.22933 0.35625 0.75870 0.65166 0.13483 0.31506 0.43273 0.54258 0.39535 0.43406 0.23585 0.64205 0.35489 0.61898 0.36258 0.43572 0.63055 0.13768 0.35685 0.07592 0.44063 0.64481 0.60610 0.70109 0.50721 0.14880 0.32645 0.38722 0.18725 0.30002 0.49957 0.33995 0.43422 0.72092 0.30535 0.00000 0.36498 0.60902 0.62607 0.64157 0.35594 0.47437 0.71135 0.46965 0.40728 0.34152 0.67116 0.50160 0.40821 0.59580 0.33768 0.26389 0.35999 0.21912 0.21345 0.69785 0.16091 0.39092 0.35337 0.69884 0.53705 0.39086 0.31041 0.20848 0.64414 0.15263 0.43934 0.68040 0.50632 0.15634 0.58071 0.59054 0.22711 0.48915 0.38039 0.37114 0.33657 0.19372 0.42547 0.21979 0.03298 0.14156 0.66977 0.50914 0.61659 0.63267 0.28162 0.27714 0.15782 0.40572 0.55519 0.22410 0.70020 0.23917 0.45722 0.38691 0.27748 0.82501
0.64290 0.50468 0.52708 0.65203 0.53378 0.45222 0.47343 0.59309 0.49319 0.39142 0.74021 0.23466 0.35570 0.41723 0.45100 0.56943 0.69854 0.72571 0.35618 0.44459 0.45155 0.35054 0.69325 0.90234 0.38042 0.43863 0.37871 0.50448 0.33332 0.73346 0.17946 0.57075 0.30087 0.51422 0.25692 0.56681 0.67030 0.36498 0.00000 0.60175 0.49847 0.30516 0.27101 0.50741 0.57745 0.68866 0.68185 0.50595 0.35966 0.62534 0.44959 0.31744 0.32755 0.29341 0.45372 0.53891 0.20093 0.43553 0.20579 0.20318 0.65706 0.44850 0.18850 0.72923 0.33993 0.48171 0.31015 0.25367 0.31901 0.41359 0.14150 0.44868 0.40974 0.28589 0.49385 0.75644 0.43679 0.67315 0.61517 0.54373 0.69709 0.56342 0.37339 0.47517 0.38154 0.18920 0.47737 0.58166 0.55871 0.34402 0.47213 0.74166 0.68892 0.45174 0.40645 0.23468 0.65323 0.37681 0.10974 0.63480
0.50880 0.39424 0.50140 0.95057 0.39628 0.32199 0.72986 0.91906 0.18079 0.98521 0.67952 0.38259 0.37356 0.36481 0.25906 0.07065 0.62981 1.02745 0.45199 0.74553 0.93278 0.67226 1.04591 0.55964 0.36454 0.44607 0.96567 0.61297 0.30290 0.92201 0.55938 0.90641 0.34616 0.94149 0.35646 0.26039 0.76796 0.60902 0.60175 0.00000 0.20064 0.85865 0.33481 0.13561 0.22436 0.38495 0.48478 0.31104 0.93228 0.21672 0.20086 0.91206 0.29915 0.78776 0.93583 0.81359 0.67518 1.02906 0.59568 0.40158 0.53547 0.42232 0.58834 0.94009 0.84623 0.46878 0.58284 0.66639 0.89803 1.00666 0.64896 0.50189 0.27819 0.87152 0.45726 1.08842 0.94130 0.53730 0.47625 0.76147 1.02599 0.59738 0.58097 0.55966 0.96748 0.77806 0.22076 0.07289 0.88750 0.33719 0.52889 0.95676 0.24117 0.82989 0.98729 0.72825 0.33824 0.24181 0.63919 0.36924
0.63484 0.49125 0.59091 0.98216 0.20194 0.12199 0.75908 0.93997 0.28435 0.88955 0.80073 0.26398 0.40468 0.16786 0.33856 0.13142 0.74918 1.06153 0.26231 0.76191 0.89865 0.67334 1.06364 0.74318 0.17561 0.24623 0.87699 0.67564 0.30178 0.98668 0.51767 0.92339 0.20063 0.92837 0.24347 0.09720 0.85002 0.62607 0.49847 0.20064 0.00000 0.70942 0.27924 0.24507 0.08639 0.54724 0.62705 0.41801 0.78799 0.38762 0.26982 0.78382 0.28918 0.74128 0.90146 0.84435 0.62569 0.89642 0.56045 0.30048 0.66088 0.22199 0.43208 0.99889 0.79827 0.54718 0.40042 0.63641 0.81521 0.87410 0.50660 0.56373 0.09815 0.73736 0.54172 1.11478 0.89784 0.66719 0.59944 0.80605 1.05101 0.68194 0.60519 0.62196 0.82998 0.65082 0.02477 0.13462 0.90567 0.35688 0.59507 1.01510 0.42805 0.82774 0.84572 0.67761 0.49788 0.24730 0.56603 0.21164
0.94590 0.80983 0.82772 0.85148 0.65874 0.62046 0.72275 0.78857 0.78108 0.32897 1.03231 0.47708 0.66037 0.57179 0.74864 0.81172 0.99378 0.91282 0.47620 0.68271 0.56999 0.60454 0.85691 1.20729 0.54560 0.54520 0.34931 0.78895 0.62699 0.96788 0.47118 0.76528 0.51664 0.66239 0.50345 0.74744 0.93845 0.64157 0.30516 0.85865 0.70942 0.00000 0.55333 0.78712 0.77071 0.99268 0.98650 0.80891 0.08187 0.91855 0.73705 0.13425 0.61851 0.46063 0.57061 0.76846 0.43510 0.20568 0.48333 0.46645 0.95887 0.56681 0.27740 0.95597 0.47305 0.78406 0.34720 0.49961 0.34316 0.18605 0.21002 0.74768 0.61131 0.08645 0.79705 0.92310 0.53500 0.97534 0.91913 0.79381 0.87386 0.85436 0.65750 0.76733 0.13468 0.13284 0.68501 0.82176 0.75920 0.64553 0.76849 0.96532 0.98161 0.64924 0.14091 0.43379 0.95588 0.66030 0.36494 0.77460
0.47191 0.31496 0.38561 0.71106 0.40446 0.29625 0.49073 0.66557 0.22776 0.65041 0.61364 0.11052 0.17237 0.29127 0.20445 0.31246 0.56382 0.79057 0.30286 0.48821 0.62215 0.39649 0.78751 0.68117 0.25779 0.36008 0.63114 0.43369 0.08359 0.73352 0.24023 0.64800 0.15361 0.64916 0.09531 0.36988 0.61550 0.35594 0.27101 0.33481 0.27924 0.55333 0.00000 0.23706 0.36562 0.46216 0.49096 0.27994 0.61946 0.36609 0.18373 0.58716 0.07047 0.46763 0.62503 0.57490 0.35214 0.70521 0.28211 0.09260 0.49350 0.35300 0.31429 0.74154 0.52559 0.33562 0.37037 0.35779 0.56408 0.68306 0.34713 0.33178 0.22478 0.55146 0.33829 0.84069 0.62409 0.50571 0.43768 0.54467 0.77695 0.46068 0.33970 0.38407 0.64801 0.45535 0.26598 0.32574 0.63076 0.12986 0.36366 0.75713 0.42874 0.54916 0.67078 0.40506 0.41898 0.10739 0.30574 0.46983
0.39584 0.26584 0.37218 0.81503 0.44403 0.34649 0.59427 0.78352 0.04703 0.87794 0.56503 0.31563 0.23984 0.37585 0.12373 0.16425 0.51402 0.89203 0.44212 0.61043 0.80442 0.53910 0.91038 0.50754 0.36179 0.46100 0.85542 0.47905 0.18311 0.78959 0.43872 0.77101 0.30472 0.80899 0.28986 0.33356 0.63869 0.47437 0.50741 0.13561 0.24507 0.78712 0.23706 0.00000 0.30585 0.30342 0.38314 0.18464 0.85537 0.15416 0.06833 0.82414 0.18387 0.66409 0.80751 0.67798 0.55429 0.94222 0.47191 0.32068 0.42236 0.44175 0.53195 0.80679 0.72232 0.33641 0.55464 0.53973 0.78611 0.92008 0.57830 0.36724 0.28041 0.78837 0.32614 0.95283 0.81524 0.42700 0.36126 0.62628 0.89039 0.46769 0.44587 0.42541 0.88494 0.69238 0.25410 0.17611 0.75208 0.20716 0.39496 0.82343 0.20872 0.69630 0.90740 0.60677 0.25399 0.13068 0.52840 0.45031
0.70139 0.56386 0.66627 1.06721 0.18359 0.15324 0.84388 1.02564 0.34951 0.96715 0.86975 0.34448 0.48716 0.20407 0.41167 0.15643 0.81846 1.14650 0.30401 0.84756 0.98430 0.75950 1.14958 0.78337 0.22546 0.26452 0.95609 0.75634 0.38596 1.06823 0.60370 1.00924 0.27676 1.01472 0.32572 0.03858 0.92836 0.71135 0.57745 0.22436 0.08639 0.77071 0.36562 0.30585 0.00000 0.59940 0.68814 0.48696 0.85082 0.43372 0.34217 0.85302 0.37389 0.82643 0.98710 0.92923 0.71097 0.96323 0.64661 0.38317 0.72782 0.23825 0.49430 1.08125 0.88316 0.62430 0.44475 0.72261 0.89568 0.94109 0.57371 0.64380 0.16824 0.80479 0.61762 1.20032 0.98287 0.73279 0.66654 0.88957 1.13656 0.75897 0.68988 0.70240 0.89536 0.72156 0.10213 0.15156 0.99143 0.43994 0.67471 1.09755 0.46485 0.91409 0.90928 0.76263 0.55078 0.32929 0.64932 0.14671
0.17127 0.19646 0.25115 0.71763 0.74736 0.64914 0.53453 0.70907 0.27159 0.99152 0.32436 0.56847 0.33321 0.67548 0.25876 0.44485 0.28259 0.78277 0.73144 0.57177 0.82452 0.54543 0.82834 0.21902 0.65737 0.76006 0.96008 0.38003 0.37908 0.63455 0.54910 0.70523 0.58271 0.79209 0.54698 0.63092 0.46716 0.46965 0.68866 0.38495 0.54724 0.99268 0.46216 0.30342 0.59940 0.00000 0.11914 0.18491 1.04755 0.16826 0.30375 0.99439 0.39170 0.72635 0.82762 0.60000 0.64416 1.10918 0.56099 0.55435 0.19269 0.74231 0.77574 0.66085 0.77742 0.26121 0.82673 0.60080 0.88940 1.08865 0.79818 0.31344 0.58045 0.97120 0.24255 0.85212 0.84987 0.18538 0.15657 0.53055 0.79732 0.32360 0.43704 0.34517 1.06413 0.87581 0.55739 0.45259 0.68663 0.34867 0.31847 0.67683 0.16497 0.67599 1.09120 0.68690 0.04943 0.37300 0.66157 0.74604
0.06304 0.18028 0.17797 0.61338 0.82176 0.71801 0.44742 0.61075 0.34282 0.94636 0.20572 0.60129 0.33414 0.73786 0.30368 0.53834 0.16352 0.67477 0.78137 0.48941 0.75098 0.48039 0.72567 0.23756 0.71501 0.82029 0.91232 0.29191 0.40839 0.52011 0.52307 0.60935 0.62878 0.70787 0.58326 0.71668 0.35272 0.40728 0.68185 0.48478 0.62705 0.98650 0.49096 0.38314 0.68814 0.11914 0.00000 0.21879 1.03390 0.27299 0.36416 0.97213 0.42318 0.67089 0.75400 0.50415 0.60322 1.08307 0.52566 0.57892 0.07747 0.80521 0.79481 0.54758 0.71733 0.20879 0.86133 0.55183 0.84306 1.06363 0.80431 0.25591 0.64532 0.95502 0.19292 0.74497 0.78038 0.06718 0.07130 0.43251 0.69262 0.22501 0.37682 0.26945 1.04425 0.86252 0.63365 0.54768 0.59138 0.36430 0.24947 0.56324 0.28174 0.59460 1.07286 0.63989 0.15268 0.42024 0.63643 0.83335
0.21727 0.08334 0.19048 0.65403 0.60717 0.50155 0.44176 0.63015 0.13842 0.82736 0.38310 0.38853 0.15353 0.51958 0.08495 0.34878 0.33167 0.72826 0.56315 0.46730 0.69507 0.41517 0.75618 0.40318 0.49626 0.60164 0.79847 0.30819 0.19636 0.61248 0.37774 0.62073 0.41101 0.68081 0.36868 0.51168 0.45692 0.34152 0.50595 0.31104 0.41801 0.80891 0.27994 0.18464 0.48696 0.18491 0.21879 0.00000 0.86550 0.16011 0.14899 0.81572 0.20994 0.57644 0.69822 0.52101 0.48201 0.93181 0.39650 0.37128 0.24305 0.58690 0.59197 0.63187 0.63150 0.16194 0.64851 0.44790 0.72739 0.91084 0.61328 0.20356 0.42790 0.79020 0.14820 0.79257 0.71412 0.25020 0.18168 0.46184 0.73197 0.28647 0.30919 0.25720 0.88418 0.69419 0.42181 0.36037 0.60155 0.16389 0.22570 0.64855 0.21512 0.56407 0.91059 0.52926 0.14729 0.20156 0.48725 0.62840
0.99008 0.86024 0.86960 0.84879 0.74061 0.70122 0.73964 0.78600 0.84665 0.28349 1.06576 0.54975 0.71434 0.65286 0.80959 0.88741 1.02980 0.90516 0.55776 0.69664 0.55335 0.62632 0.84336 1.25942 0.62606 0.62707 0.31087 0.81988 0.68967 0.97505 0.51228 0.76297 0.59310 0.64981 0.57599 0.82815 0.95955 0.67116 0.35966 0.93228 0.78799 0.08187 0.61946 0.85537 0.85082 1.04755 1.03390 0.86550 0.00000 0.98218 0.80263 0.09370 0.68228 0.46427 0.55352 0.77734 0.45908 0.12611 0.51810 0.53563 1.00136 0.64864 0.35669 0.96055 0.46650 0.82819 0.42901 0.52299 0.32104 0.10832 0.28394 0.78862 0.69001 0.08064 0.84227 0.90916 0.51491 1.01826 0.96508 0.80953 0.86381 0.88838 0.69027 0.80302 0.05689 0.17192 0.76371 0.89779 0.75888 0.70361 0.80709 0.96870 1.04559 0.65129 0.05908 0.44830 1.01279 0.72685 0.40085 0.85644
