25 0
0.00000 0.94555 0.08297 0.79238 0.64157 0.61487 0.14048 0.16841 0.73414 0.76512 0.48442 0.61734 0.40933 0.45277 0.60143 0.44551 0.41354 0.77914 0.36618 0.09303 0.91956 0.39528 1.05130 0.90805 0.83341
0.94555 0.00000 0.99439 0.24263 0.75418 0.43881 0.83372 0.86048 0.22348 0.49049 0.59587 0.53517 0.66271 0.95594 0.77783 0.74677 0.58079 0.17928 0.88232 0.86867 0.78080 0.92009 0.14917 0.27512 0.80328
0.08297 0.99439 0.00000 0.82650 0.62018 0.68513 0.21984 0.25138 0.78904 0.84114 0.56145 0.62566 0.41420 0.53081 0.68439 0.52818 0.48422 0.82329 0.32601 0.17239 1.00204 0.47479 1.09272 0.97391 0.91630
0.79238 0.24263 0.82650 0.00000 0.51186 0.44816 0.70425 0.74475 0.23881 0.57877 0.56423 0.29589 0.45033 0.91252 0.79124 0.71176 0.50524 0.11076 0.66386 0.72973 0.88783 0.86467 0.27844 0.44569 0.88273
0.64157 0.75418 0.62018 0.51186 0.00000 0.76002 0.65001 0.71124 0.66756 0.94307 0.76934 0.22508 0.27312 0.99543 1.00397 0.86055 0.66109 0.59297 0.30765 0.64062 1.22638 0.93358 0.76758 0.91018 1.18236
0.61487 0.43881 0.68513 0.44816 0.76002 0.00000 0.47888 0.48313 0.22991 0.18690 0.16471 0.55872 0.53010 0.51893 0.34865 0.31044 0.20136 0.35481 0.71935 0.52380 0.47129 0.48741 0.58334 0.30004 0.44507
0.14048 0.83372 0.21984 0.70425 0.65001 0.47888 0.00000 0.06160 0.61592 0.62496 0.34409 0.57642 0.38726 0.36273 0.47242 0.31288 0.27855 0.67585 0.42162 0.04760 0.78462 0.30067 0.94912 0.77538 0.70174
0.16841 0.86048 0.25138 0.74475 0.71124 0.48313 0.06160 0.00000 0.63947 0.61516 0.33553 0.63211 0.44703 0.30384 0.43301 0.27795 0.28890 0.70897 0.48109 0.08981 0.75216 0.24238 0.98133 0.78274 0.66512
0.73414 0.22348 0.78904 0.23881 0.66756 0.22991 0.61592 0.63947 0.00000 0.34012 0.37698 0.44404 0.50609 0.73776 0.57827 0.52897 0.35743 0.13236 0.72355 0.65318 0.64910 0.69935 0.35934 0.24297 0.64705
0.76512 0.49049 0.84114 0.57877 0.94307 0.18690 0.62496 0.61516 0.34012 0.00000 0.28103 0.73549 0.71700 0.55913 0.32608 0.37576 0.36404 0.47174 0.90362 0.67213 0.30910 0.54759 0.63909 0.25066 0.31401
0.48442 0.59587 0.56145 0.56423 0.76934 0.16471 0.34409 0.33553 0.37698 0.28103 0.00000 0.59855 0.50909 0.36080 0.24271 0.15211 0.11072 0.48739 0.66177 0.39139 0.47823 0.32472 0.73619 0.45969 0.41797
0.61734 0.53517 0.62566 0.29589 0.22508 0.55872 0.57642 0.63211 0.44404 0.73549 0.59855 0.00000 0.21149 0.87970 0.84071 0.71400 0.49909 0.36899 0.39106 0.58379 1.02990 0.82119 0.56603 0.68602 0.99615
0.40933 0.66271 0.41420 0.45033 0.27312 0.53010 0.38726 0.44703 0.50609 0.71700 0.50909 0.21149 0.00000 0.72334 0.73676 0.58939 0.39865 0.48355 0.22022 0.38611 0.97979 0.66180 0.72848 0.74082 0.92666
0.45277 0.95594 0.53081 0.91252 0.99543 0.51893 0.36273 0.30384 0.73776 0.55913 0.36080 0.87970 0.72334 0.00000 0.25143 0.20917 0.40839 0.84463 0.78434 0.39234 0.56177 0.06251 1.09698 0.79108 0.46001
0.60143 0.77783 0.68439 0.79124 1.00397 0.34865 0.47242 0.43301 0.57827 0.32608 0.24271 0.84071 0.73676 0.25143 0.00000 0.16114 0.34428 0.70276 0.86133 0.51666 0.32640 0.26198 0.92559 0.57249 0.23313
0.44551 0.74677 0.52818 0.71176 0.86055 0.31044 0.31288 0.27795 0.52897 0.37576 0.15211 0.71400 0.58939 0.20917 0.16114 0.00000 0.21814 0.63859 0.70216 0.35815 0.47421 0.17878 0.88803 0.59138 0.38892
0.41354 0.58079 0.48422 0.50524 0.66109 0.20136 0.27855 0.28890 0.35743 0.36404 0.11072 0.49909 0.39865 0.40839 0.34428 0.21814 0.00000 0.44557 0.55399 0.32277 0.58743 0.35943 0.71074 0.49691 0.52868
0.77914 0.17928 0.82329 0.11076 0.59297 0.35481 0.67585 0.70897 0.13236 0.47174 0.48739 0.36899 0.48355 0.84463 0.70276 0.63859 0.44557 0.00000 0.70336 0.70718 0.78034 0.80123 0.27332 0.33749 0.77939
0.36618 0.88232 0.32601 0.66386 0.30765 0.71935 0.42162 0.48109 0.72355 0.90362 0.66177 0.39106 0.22022 0.78434 0.86133 0.70216 0.55399 0.70336 0.00000 0.39541 1.13990 0.72227 0.94213 0.95380 1.07378
0.09303 0.86867 0.17239 0.72973 0.64062 0.52380 0.04760 0.08981 0.65318 0.67213 0.39139 0.58379 0.38611 0.39234 0.51666 0.35815 0.32277 0.70718 0.39541 0.00000 0.83094 0.33142 0.98042 0.81890 0.74703
0.91956 0.78080 1.00204 0.88783 1.22638 0.47129 0.78462 0.75216 0.64910 0.30910 0.47823 1.02990 0.97979 0.56177 0.32640 0.47421 0.58743 0.78034 1.13990 0.83094 0.00000 0.58433 0.92536 0.51243 0.10354
0.39528 0.92009 0.47479 0.86467 0.93358 0.48741 0.30067 0.24238 0.69935 0.54759 0.32472 0.82119 0.66180 0.06251 0.26198 0.17878 0.35943 0.80123 0.72227 0.33142 0.58433 0.00000 1.05853 0.76985 0.48531
1.05130 0.14917 1.09272 0.27844 0.76758 0.58334 0.94912 0.98133 0.35934 0.63909 0.73619 0.56603 0.72848 1.09698 0.92559 0.88803 0.71074 0.27332 0.94213 0.98042 0.92536 1.05853 0.00000 0.41450 0.95115
0.90805 0.27512 0.97391 0.44569 0.91018 0.30004 0.77538 0.78274 0.24297 0.25066 0.45969 0.68602 0.74082 0.79108 0.57249 0.59138 0.49691 0.33749 0.95380 0.81890 0.51243 0.76985 0.41450 0.00000 0.54736
0.83341 0.80328 0.91630 0.88273 1.18236 0.44507 0.70174 0.66512 0.64705 0.31401 0.41797 0.99615 0.92666 0.46001 0.23313 0.38892 0.52868 0.77939 1.07378 0.74703 0.10354 0.48531 0.95115 0.54736 0.00000
