25 0
0.00000 0.40927 0.21704 0.93648 1.14095 0.22135 0.90914 0.69696 0.60455 0.58887 0.69766 0.40831 0.35595 0.33873 0.82364 0.14657 0.95269 0.20248 0.08622 1.01889 0.08605 0.59703 0.71108 0.89539 0.86339
0.40927 0.00000 0.19766 0.82383 0.83701 0.22327 0.51221 0.39864 0.54107 0.18294 0.28869 0.53074 0.52642 0.08838 0.72599 0.36804 0.73408 0.43944 0.43251 0.77174 0.44990 0.47426 0.33042 0.48627 0.75407
0.21704 0.19766 0.00000 0.88738 0.99469 0.05454 0.70805 0.54506 0.56749 0.38043 0.48328 0.46179 0.43430 0.12173 0.77907 0.22206 0.84851 0.30581 0.25803 0.90112 0.25224 0.52767 0.49546 0.68095 0.81397
0.93648 0.82383 0.88738 0.00000 0.52241 0.94182 0.79479 0.50037 0.33201 0.79382 0.87659 0.56803 0.63259 0.87843 0.11292 0.79002 0.24617 0.75456 0.87057 0.32479 1.02217 0.36011 1.02776 0.95265 0.07381
1.14095 0.83701 0.99469 0.52241 0.00000 1.03970 0.48427 0.44988 0.65658 0.70090 0.70754 0.90851 0.96374 0.92165 0.55507 1.01511 0.28733 1.02284 1.10770 0.19939 1.21448 0.60010 0.86095 0.66698 0.52918
0.22135 0.22327 0.05454 0.94182 1.03970 0.00000 0.73510 0.59101 0.62195 0.40476 0.49878 0.50955 0.47848 0.13721 0.83359 0.25815 0.90002 0.34259 0.27789 0.95099 0.23731 0.58202 0.49349 0.69509 0.86843
0.90914 0.51221 0.70805 0.79479 0.48427 0.73510 0.00000 0.34240 0.70149 0.33068 0.26837 0.86303 0.89337 0.59827 0.75359 0.82922 0.57755 0.87584 0.91232 0.54942 0.95932 0.61097 0.39840 0.18339 0.75493
0.69696 0.39864 0.54506 0.50037 0.44988 0.59101 0.34240 0.00000 0.35919 0.30664 0.37672 0.54258 0.58311 0.47871 0.43443 0.58050 0.34759 0.60314 0.67231 0.37456 0.76737 0.26906 0.53061 0.46735 0.44554
0.60455 0.54107 0.56749 0.33201 0.65658 0.62195 0.70149 0.35919 0.00000 0.56869 0.67886 0.26131 0.32298 0.57838 0.21932 0.45817 0.39674 0.42701 0.54022 0.48141 0.69018 0.09128 0.80785 0.81261 0.25885
0.58887 0.18294 0.38043 0.79382 0.70090 0.40476 0.33068 0.30664 0.56869 0.00000 0.12475 0.63598 0.64755 0.26771 0.71207 0.52961 0.65351 0.59065 0.60377 0.67187 0.63265 0.48443 0.24011 0.31348 0.73155
0.69766 0.28869 0.48328 0.87659 0.70754 0.49878 0.26837 0.37672 0.67886 0.12475 0.00000 0.76004 0.77229 0.36353 0.80406 0.64920 0.70999 0.71300 0.71954 0.71339 0.73369 0.59134 0.15905 0.19777 0.81920
0.40831 0.53074 0.46179 0.56803 0.90851 0.50955 0.86303 0.54258 0.26131 0.63598 0.76004 0.00000 0.06457 0.52669 0.45809 0.27206 0.65759 0.20667 0.32796 0.74088 0.49226 0.30894 0.85191 0.93151 0.50011
0.35595 0.52642 0.43430 0.63259 0.96374 0.47848 0.89337 0.58311 0.32298 0.64755 0.77229 0.06457 0.00000 0.51166 0.52257 0.22855 0.71792 0.15375 0.27276 0.79999 0.43796 0.36374 0.85356 0.95056 0.56458
0.33873 0.08838 0.12173 0.87843 0.92165 0.13721 0.59827 0.47871 0.57838 0.26771 0.36353 0.52669 0.51166 0.00000 0.77595 0.32411 0.80618 0.40326 0.37460 0.84869 0.37016 0.52142 0.37601 0.56080 0.80685
0.82364 0.72599 0.77907 0.11292 0.55507 0.83359 0.75359 0.43443 0.21932 0.71207 0.80406 0.45809 0.52257 0.77595 0.00000 0.67716 0.26778 0.64197 0.75770 0.35712 0.90937 0.25465 0.95002 0.89901 0.04206
0.14657 0.36804 0.22206 0.79002 1.01511 0.25815 0.82922 0.58050 0.45817 0.52961 0.64920 0.27206 0.22855 0.32411 0.67716 0.00000 0.81360 0.08446 0.09260 0.88310 0.23252 0.45417 0.69508 0.84305 0.71702
0.95269 0.73408 0.84851 0.24617 0.28733 0.90002 0.57755 0.34759 0.39674 0.65351 0.70999 0.65759 0.71792 0.80618 0.26778 0.81360 0.00000 0.80318 0.90387 0.09022 1.03375 0.36353 0.86821 0.74880 0.24260
0.20248 0.43944 0.30581 0.75456 1.02284 0.34259 0.87584 0.60314 0.42701 0.59065 0.71300 0.20667 0.15375 0.40326 0.64197 0.08446 0.80318 0.00000 0.12142 0.87806 0.28567 0.43967 0.76919 0.90342 0.68310
0.08622 0.43251 0.25803 0.87057 1.10770 0.27789 0.91232 0.67231 0.54022 0.60377 0.71954 0.32796 0.27276 0.37460 0.75770 0.09260 0.90387 0.12142 0.00000 0.97450 0.16522 0.54268 0.75058 0.91580 0.79830
1.01889 0.77174 0.90112 0.32479 0.19939 0.95099 0.54942 0.37456 0.48141 0.67187 0.71339 0.74088 0.79999 0.84869 0.35712 0.88310 0.09022 0.87806 0.97450 0.00000 1.09804 0.44034 0.87243 0.72793 0.32999
0.08605 0.44990 0.25224 1.02217 1.21448 0.23731 0.95932 0.76737 0.69018 0.63265 0.73369 0.49226 0.43796 0.37016 0.90937 0.23252 1.03375 0.28567 0.16522 1.09804 0.00000 0.68061 0.72903 0.93086 0.94899
0.59703 0.47426 0.52767 0.36011 0.60010 0.58202 0.61097 0.26906 0.09128 0.48443 0.59134 0.30894 0.36374 0.52142 0.25465 0.45417 0.36353 0.43967 0.54268 0.44034 0.68061 0.00000 0.72442 0.72160 0.28715
0.71108 0.33042 0.49546 1.02776 0.86095 0.49349 0.39840 0.53061 0.80785 0.24011 0.15905 0.85191 0.85356 0.37601 0.95002 0.69508 0.86821 0.76919 0.75058 0.87243 0.72903 0.72442 0.00000 0.25997 0.96780
0.89539 0.48627 0.68095 0.95265 0.66698 0.69509 0.18339 0.46735 0.81261 0.31348 0.19777 0.93151 0.95056 0.56080 0.89901 0.84305 0.74880 0.90342 0.91580 0.72793 0.93086 0.72160 0.25997 0.00000 0.90583
0.86339 0.75407 0.81397 0.07381 0.52918 0.86843 0.75493 0.44554 0.25885 0.73155 0.81920 0.50011 0.56458 0.80685 0.04206 0.71702 0.24260 0.68310 0.79830 0.32999 0.94899 0.28715 0.96780 0.90583 0.00000
