200 0
0.00000 0.72457 1.15555 0.58918 0.78684 0.19161 0.76873 0.60692 0.17102 0.31348 0.61447 0.35002 0.75010 0.26988 1.00045 0.59014 0.45324 0.14703 0.69631 0.61665 0.67972 0.52855 0.79351 0.88116 0.06919 0.17510 0.81817 0.56913 0.66307 0.26797 0.16726 0.82187 0.48297 0.72684 0.44818 0.93838 0.86477 0.33255 0.99553 0.46495 0.36169 0.83992 0.53567 0.07390 0.14005 0.83468 0.44749 0.92059 0.48767 0.47567 0.45433 0.72918 0.88361 0.41975 0.64944 0.29308 0.75643 0.56685 0.11900 0.13344 0.73191 0.66743 1.02377 0.27522 1.05240 0.16711 0.78425 0.52861 0.43649 0.75071 1.01258 0.32388 0.60571 0.64069 0.73067 0.88357 0.48032 0.71119 1.02989 0.78580 0.05533 0.68013 0.56983 0.52866 0.66182 0.76956 0.90038 1.00101 0.54880 0.81986 0.22065 0.56223 0.91993 0.51097 0.64518 0.79755 0.62867 0.71245 0.39524 0.73058 0.25102 0.86897 0.02271 0.13806 0.64021 0.69044 0.67455 0.84957 0.55364 0.59680 0.61650 0.64096 0.63181 0.46332 0.67229 0.21686 0.10008 0.91313 0.95393 0.82901 0.70772 0.67406 0.22755 0.74356 0.48512 0.89497 0.37870 0.95428 0.66584 0.71957 0.88550 0.74555 0.64359 0.74329 0.79156 0.69339 0.02271 0.25959 0.43350 0.22320 0.67693 1.03056 0.68871 0.80448 0.02121 0.73005 0.91902 0.82398 0.61127 0.52120 0.68903 0.84118 0.86488 0.47742 0.31294 0.78422 0.83422 0.66144 0.69674 0.32752 0.16464 0.58783 0.94199 0.71457 0.56567 0.21780 0.42188 0.07618 0.88985 0.39420 0.52562 0.31876 0.22859 0.22547 0.11983 0.79579 0.43028 0.86141 0.39646 0.12714 0.77628 0.62926 0.90860 0.25477 0.38379 0.95616 0.52684 1.03919 0.76464 0.57342 0.23348 0.69467 0.16527 0.39647 0.20097 0.67926 0.13442 0.96358 0.60675 0.54716
0.72457 0.00000 0.44619 0.31753 0.06276 0.58001 0.42678 0.15022 0.55735 0.75689 0.58201 0.39124 0.36295 0.45663 0.29436 0.41753 0.28890 0.80318 0.27211 0.16149 0.60053 0.60043 0.17219 0.75693 0.70605 0.59334 0.57549 0.32714 0.15405 0.58778 0.87848 0.67135 0.33117 0.29982 0.58087 0.40515 0.76269 0.50823 0.27914 0.35128 0.43487 0.27183 0.38629 0.75890 0.61155 0.30681 0.62539 0.26223 0.53129 0.65622 0.28734 0.48076 0.26042 0.35126 0.19741 0.58056 0.34605 0.54861 0.62054 0.59357 0.26815 0.41825 0.31203 0.45835 0.38847 0.88069 0.21945 0.24519 0.49903 0.41990 0.28952 0.44798 0.31630 0.10316 0.39404 0.37612 0.44206 0.46208 0.31003 0.40581 0.70292 0.44324 0.58625 0.19855 0.53527 0.30869 0.48698 0.39179 0.57087 0.41888 0.84433 0.21179 0.19640 0.51884 0.42869 0.29452 0.43595 0.15341 0.40261 0.13925 0.62041 0.14527 0.70242 0.59874 0.14846 0.12635 0.26764 0.27455 0.61046 0.41789 0.67182 0.44004 0.38465 0.33217 0.24276 0.59946 0.71109 0.20996 0.27467 0.20293 0.37898 0.18963 0.56630 0.18874 0.35899 0.73067 0.71554 0.23097 0.34102 0.35257 0.17044 0.62310 0.44965 0.50959 0.68088 0.22166 0.70392 0.64375 0.32717 0.52959 0.70264 0.32622 0.15853 0.62398 0.71819 0.72797 0.26023 0.33493 0.54308 0.62073 0.53353 0.11749 0.32509 0.31574 0.41202 0.22077 0.41478 0.10473 0.03367 0.42430 0.60609 0.13851 0.37729 0.27158 0.66570 0.50789 0.70138 0.64845 0.55030 0.55193 0.45515 0.44840 0.93878 0.79516 0.63067 0.26179 0.45038 0.47531 0.52471 0.62215 0.16567 0.10988 0.72162 0.47009 0.36947 0.31014 0.42640 0.31467 0.76721 0.68559 0.75709 0.04939 0.59815 0.39315 0.57274 0.68203 0.64300 0.34999 0.38230 0.72555
1.15555 0.44619 0.00000 0.62337 0.39104 1.02380 0.57170 0.54877 0.99413 1.12391 0.97942 0.83563 0.69966 0.89424 0.15522 0.82266 0.70314 1.21440 0.51360 0.59727 0.80846 0.88716 0.37048 0.86516 1.14444 1.00669 0.68974 0.74688 0.57047 1.03391 1.29939 0.79917 0.69971 0.65185 1.01298 0.37458 0.88300 0.88812 0.27183 0.79253 0.88072 0.53583 0.70182 1.18035 1.03097 0.40016 0.94619 0.25165 0.95756 0.96525 0.70195 0.83267 0.30292 0.74777 0.52054 1.02623 0.51127 0.95771 1.04409 1.02881 0.47910 0.79539 0.13422 0.89951 0.16165 1.30248 0.53495 0.63306 0.93466 0.58011 0.22493 0.89403 0.72491 0.51590 0.57332 0.40866 0.87323 0.64958 0.14372 0.72320 1.12696 0.81506 0.85343 0.64218 0.91629 0.47014 0.51630 0.26558 0.84899 0.51885 1.24355 0.59747 0.28227 0.94080 0.81439 0.43134 0.68255 0.53884 0.78841 0.51493 1.00815 0.30572 1.13422 1.03721 0.57815 0.46691 0.65244 0.52906 0.88524 0.68809 0.91812 0.82709 0.77713 0.77543 0.51896 0.99969 1.15212 0.34522 0.20993 0.34052 0.73852 0.49620 1.01176 0.54234 0.71381 0.82267 1.06094 0.25888 0.72219 0.70648 0.27597 0.98079 0.68458 0.67314 0.83009 0.49073 1.13624 1.08982 0.77329 0.94472 0.92102 0.12509 0.47411 0.75526 1.15167 0.92126 0.42019 0.43568 0.94023 0.91045 0.90480 0.34513 0.38055 0.69567 0.84429 0.40009 0.50104 0.49414 0.46742 0.86949 1.04901 0.58283 0.33588 0.49709 0.93596 0.93798 1.03156 1.08048 0.60236 0.89987 0.75886 0.89429 1.35727 1.18777 1.07042 0.41072 0.80312 0.54022 0.96451 1.06206 0.49446 0.55508 0.80164 0.90202 0.77779 0.23713 0.73587 0.17593 0.94824 0.95336 1.14536 0.46524 1.04063 0.78234 1.01689 0.89684 1.08513 0.27053 0.65457 1.00780
0.58918 0.31753 0.62337 0.00000 0.36446 0.52435 0.20075 0.18091 0.46187 0.50096 0.74220 0.38197 0.62292 0.38336 0.47953 0.59483 0.19443 0.61254 0.11378 0.37060 0.28972 0.28772 0.25961 0.47195 0.60180 0.41884 0.31466 0.50170 0.40439 0.58100 0.70669 0.38620 0.11061 0.56232 0.66644 0.34961 0.47195 0.27572 0.56696 0.45086 0.46724 0.57900 0.07941 0.59345 0.45066 0.25076 0.32883 0.37186 0.64237 0.35367 0.19488 0.70879 0.32313 0.18052 0.12447 0.58742 0.16819 0.69431 0.47022 0.48645 0.15056 0.63248 0.50801 0.40488 0.49019 0.71097 0.51964 0.12903 0.58647 0.18412 0.55928 0.45052 0.51422 0.22301 0.15739 0.29456 0.55703 0.18338 0.53027 0.67072 0.54765 0.65845 0.26940 0.28028 0.72476 0.18161 0.32458 0.42131 0.25542 0.23944 0.63064 0.13463 0.47525 0.64296 0.63093 0.21317 0.12652 0.43553 0.19397 0.43320 0.39461 0.41065 0.57147 0.50593 0.37981 0.19986 0.51066 0.58356 0.29510 0.10185 0.35432 0.63836 0.58773 0.42556 0.10496 0.39656 0.62056 0.51717 0.41373 0.28406 0.61829 0.14201 0.53220 0.47930 0.10425 0.45622 0.43843 0.50627 0.56787 0.60198 0.39950 0.82666 0.14368 0.23330 0.38505 0.13418 0.57473 0.63195 0.38452 0.36602 0.38644 0.50353 0.17382 0.34355 0.59217 0.41539 0.57729 0.23551 0.70948 0.30940 0.73457 0.40891 0.28027 0.12546 0.32589 0.22335 0.25094 0.21303 0.28595 0.41525 0.53959 0.27811 0.35641 0.13204 0.35042 0.39269 0.41231 0.52288 0.34103 0.27652 0.14411 0.44588 0.75954 0.57202 0.54085 0.21988 0.18220 0.29020 0.58898 0.53416 0.47271 0.31808 0.45457 0.36880 0.22097 0.39493 0.11712 0.56374 0.45612 0.37016 0.52824 0.26816 0.52940 0.19350 0.52155 0.36669 0.56630 0.38816 0.06945 0.41402
0.78684 0.06276 0.39104 0.36446 0.00000 0.63980 0.45047 0.20807 0.61912 0.81717 0.61372 0.45105 0.37136 0.51843 0.24316 0.45040 0.35114 0.86591 0.30340 0.20708 0.63995 0.65082 0.17272 0.78507 0.76737 0.65605 0.60029 0.36517 0.18665 0.64395 0.94117 0.70063 0.38866 0.31058 0.62632 0.39738 0.79262 0.56868 0.21734 0.40177 0.49036 0.25376 0.43702 0.82161 0.67431 0.31041 0.68030 0.23261 0.57381 0.71000 0.34959 0.49688 0.24354 0.41234 0.24067 0.63559 0.36813 0.58422 0.68325 0.65552 0.29229 0.44104 0.25780 0.51937 0.34908 0.94336 0.21199 0.30390 0.54613 0.44585 0.22676 0.50576 0.34911 0.16203 0.42191 0.37631 0.48657 0.49450 0.25171 0.41016 0.76558 0.46476 0.63381 0.25957 0.56112 0.32662 0.49484 0.36731 0.61970 0.43437 0.90676 0.26932 0.13364 0.55940 0.45459 0.30562 0.47709 0.16889 0.46299 0.14822 0.68190 0.08589 0.76464 0.66017 0.18944 0.16540 0.28924 0.25419 0.65939 0.46228 0.71776 0.46659 0.41221 0.38440 0.27908 0.66167 0.77177 0.15360 0.23584 0.19428 0.39505 0.22785 0.62488 0.19272 0.41502 0.75601 0.77370 0.16821 0.36348 0.36601 0.11935 0.64306 0.48934 0.53989 0.71344 0.25409 0.76609 0.69965 0.38373 0.59230 0.74523 0.27491 0.19501 0.65268 0.78023 0.76750 0.21647 0.34350 0.57436 0.67175 0.55631 0.05472 0.32357 0.37454 0.47450 0.22960 0.42762 0.15706 0.09418 0.48341 0.66625 0.19965 0.36475 0.29932 0.71472 0.57041 0.75789 0.71069 0.56467 0.60937 0.50561 0.50656 1.00150 0.85725 0.69178 0.27077 0.50742 0.48827 0.57438 0.68324 0.15629 0.16522 0.74506 0.53253 0.43162 0.28072 0.47712 0.25278 0.80562 0.73452 0.81889 0.10422 0.65849 0.45380 0.63234 0.72384 0.70341 0.32721 0.42586 0.77669
0.19161 0.58001 1.02380 0.52435 0.63980 0.00000 0.72194 0.48717 0.08153 0.44041 0.43217 0.18880 0.56059 0.14234 0.86934 0.39854 0.34762 0.32965 0.61572 0.45122 0.69414 0.56332 0.67954 0.90496 0.14166 0.21702 0.80407 0.38176 0.49434 0.09401 0.35744 0.83328 0.41409 0.54081 0.27161 0.85831 0.89321 0.33571 0.83763 0.28065 0.17470 0.65984 0.49390 0.25869 0.19159 0.74775 0.50117 0.80510 0.30221 0.53712 0.34809 0.53789 0.77617 0.34396 0.54961 0.11692 0.68983 0.38218 0.17257 0.09220 0.64773 0.47586 0.88978 0.12735 0.93926 0.35655 0.60725 0.42946 0.24721 0.70438 0.85998 0.14200 0.41850 0.51127 0.67972 0.80621 0.28873 0.68132 0.89002 0.59513 0.20909 0.48855 0.59474 0.38192 0.47380 0.69186 0.84883 0.90340 0.57106 0.76379 0.39972 0.45679 0.76939 0.32394 0.45356 0.71285 0.59957 0.54223 0.34489 0.56240 0.32062 0.72496 0.17095 0.06632 0.47445 0.57308 0.49092 0.66975 0.58865 0.56425 0.66211 0.44940 0.44079 0.28316 0.58491 0.27179 0.13593 0.75183 0.83286 0.71702 0.51715 0.57254 0.03787 0.56894 0.42933 0.90911 0.47737 0.80286 0.47670 0.53019 0.74836 0.56193 0.61736 0.72256 0.81089 0.59978 0.16942 0.12119 0.26264 0.21001 0.72202 0.90067 0.57924 0.80589 0.17488 0.77337 0.74738 0.74575 0.42500 0.56394 0.50032 0.69234 0.77768 0.39964 0.20014 0.68309 0.77491 0.53656 0.55656 0.15711 0.02905 0.44173 0.85378 0.63264 0.61719 0.14429 0.50805 0.13485 0.85681 0.42189 0.50912 0.13870 0.41777 0.38654 0.07179 0.70320 0.41116 0.81352 0.20950 0.06484 0.60578 0.47566 0.91773 0.15714 0.30349 0.84584 0.49978 0.89155 0.81287 0.63016 0.37704 0.55877 0.02635 0.34036 0.00943 0.71787 0.06705 0.86306 0.56238 0.62109
0.76873 0.42678 0.57170 0.20075 0.45047 0.72194 0.00000 0.33671 0.65568 0.61905 0.93049 0.58241 0.77643 0.58231 0.45928 0.77635 0.39428 0.76866 0.15874 0.53091 0.23688 0.33830 0.28708 0.33584 0.78932 0.59407 0.14983 0.68081 0.55363 0.78135 0.86781 0.25350 0.30859 0.71328 0.86456 0.21533 0.34548 0.43880 0.60732 0.64288 0.66688 0.69801 0.23381 0.76207 0.62869 0.17772 0.41535 0.33959 0.83736 0.42313 0.39461 0.87750 0.28537 0.37854 0.24854 0.78810 0.08247 0.88468 0.65060 0.67722 0.15897 0.80446 0.48837 0.60477 0.41444 0.87287 0.64600 0.32195 0.78341 0.01803 0.58418 0.65115 0.68756 0.36281 0.04361 0.16712 0.74987 0.08164 0.52260 0.82248 0.72235 0.83069 0.29684 0.46169 0.90589 0.12666 0.13177 0.31864 0.29925 0.06067 0.77260 0.31470 0.52055 0.83610 0.80661 0.15832 0.14702 0.57233 0.38143 0.56297 0.54658 0.46024 0.75305 0.69875 0.53375 0.30299 0.66858 0.70011 0.32960 0.17385 0.34967 0.81536 0.76204 0.61749 0.19445 0.56124 0.81056 0.58504 0.38352 0.28580 0.78086 0.24449 0.73155 0.61244 0.29317 0.30555 0.53938 0.54350 0.73382 0.75994 0.42973 1.00527 0.13803 0.10284 0.27325 0.20769 0.75670 0.83175 0.57969 0.54902 0.34932 0.47266 0.27097 0.20533 0.77440 0.35208 0.66341 0.13853 0.89595 0.36098 0.91263 0.47701 0.19198 0.32571 0.52531 0.22784 0.07953 0.33970 0.40397 0.61593 0.73558 0.44276 0.24346 0.15571 0.37446 0.58582 0.49928 0.70791 0.14180 0.40403 0.25118 0.64658 0.91518 0.71119 0.73316 0.19186 0.33938 0.09289 0.78802 0.72699 0.59242 0.47041 0.29511 0.56517 0.41886 0.33709 0.24356 0.57145 0.38272 0.38995 0.66643 0.38388 0.72531 0.38385 0.71963 0.32514 0.76018 0.30243 0.16262 0.44748
0.60692 0.15022 0.54877 0.18091 0.20807 0.48717 0.33671 0.00000 0.44826 0.60968 0.59955 0.30682 0.44627 0.35029 0.39385 0.44158 0.15462 0.67038 0.18082 0.19576 0.47055 0.45404 0.19237 0.64590 0.59868 0.46081 0.47561 0.34556 0.22498 0.51632 0.75198 0.55956 0.18102 0.38444 0.55528 0.39249 0.64804 0.36161 0.42442 0.32226 0.37445 0.39911 0.24107 0.63254 0.48326 0.28001 0.47548 0.31833 0.51830 0.50684 0.15337 0.54132 0.28973 0.20733 0.08972 0.51513 0.26744 0.55652 0.49560 0.48179 0.19712 0.46778 0.41793 0.35997 0.45234 0.75484 0.33909 0.09588 0.47148 0.32498 0.42827 0.37370 0.35090 0.04716 0.29645 0.34756 0.42781 0.34994 0.42751 0.49358 0.57854 0.49401 0.44339 0.13440 0.57040 0.24600 0.43027 0.41996 0.42646 0.34903 0.70613 0.06157 0.33653 0.51301 0.47003 0.25162 0.30644 0.25463 0.25606 0.25271 0.47688 0.27638 0.58574 0.49227 0.20176 0.08593 0.33546 0.40406 0.46569 0.28262 0.53062 0.47897 0.42538 0.29774 0.14351 0.46019 0.60888 0.35984 0.34841 0.22993 0.44623 0.10257 0.48189 0.29841 0.20890 0.62573 0.56580 0.37059 0.39797 0.42724 0.28338 0.66890 0.32259 0.40013 0.56244 0.13997 0.58786 0.57198 0.27081 0.39785 0.56617 0.42371 0.09609 0.51442 0.60352 0.59625 0.40781 0.29147 0.56360 0.47361 0.57627 0.26039 0.30752 0.16649 0.29740 0.20250 0.35166 0.05600 0.11656 0.34283 0.50991 0.10604 0.37888 0.19008 0.52057 0.38966 0.55115 0.53215 0.47485 0.40184 0.30954 0.37176 0.81074 0.65431 0.52641 0.23125 0.30018 0.40731 0.48566 0.51829 0.29362 0.13872 0.62079 0.35442 0.23185 0.35870 0.28072 0.44538 0.63702 0.54050 0.61466 0.10385 0.50079 0.24740 0.48142 0.54699 0.54410 0.37858 0.24983 0.57805
0.17102 0.55735 0.99413 0.46187 0.61912 0.08153 0.65568 0.44826 0.00000 0.36801 0.49607 0.17927 0.58962 0.10072 0.83893 0.44041 0.29916 0.28621 0.55979 0.44563 0.61559 0.48243 0.63893 0.82596 0.15048 0.13874 0.73052 0.40668 0.49209 0.17291 0.33542 0.75561 0.35136 0.56173 0.34262 0.80367 0.81370 0.25559 0.82567 0.30070 0.20355 0.67076 0.42424 0.22242 0.11853 0.69523 0.41965 0.76586 0.36481 0.45564 0.29996 0.58376 0.73281 0.28220 0.50118 0.19368 0.62945 0.44427 0.10498 0.03763 0.59346 0.51600 0.86115 0.10427 0.89930 0.33612 0.61424 0.37928 0.30496 0.63789 0.84388 0.16225 0.44269 0.47824 0.61436 0.75031 0.33472 0.61048 0.86508 0.62812 0.16609 0.53175 0.51467 0.35986 0.52990 0.63542 0.78462 0.85607 0.49112 0.70050 0.35033 0.41002 0.75160 0.38392 0.49595 0.65923 0.52794 0.54152 0.27482 0.55956 0.24133 0.70239 0.14833 0.04484 0.46919 0.53358 0.50777 0.68029 0.50782 0.49310 0.58092 0.49360 0.47672 0.29623 0.53141 0.19230 0.16213 0.74265 0.79666 0.67560 0.55021 0.52510 0.11223 0.57310 0.36263 0.83129 0.39902 0.78579 0.50523 0.55902 0.72130 0.62322 0.54523 0.64995 0.73216 0.54902 0.14905 0.20238 0.26343 0.12884 0.64095 0.86963 0.53569 0.72960 0.16184 0.69248 0.74807 0.68984 0.48445 0.48267 0.55484 0.67312 0.72542 0.33988 0.15095 0.63628 0.71268 0.50100 0.53075 0.15919 0.08329 0.41955 0.80230 0.57737 0.53575 0.06992 0.42800 0.09630 0.78766 0.34080 0.43403 0.15597 0.39718 0.32735 0.07994 0.65275 0.33531 0.74809 0.27280 0.07266 0.60532 0.45950 0.84063 0.09587 0.24231 0.80417 0.42672 0.87187 0.73178 0.54865 0.31142 0.53013 0.07325 0.27185 0.08510 0.63715 0.10456 0.81687 0.49419 0.53982
0.31348 0.75689 1.12391 0.50096 0.81717 0.44041 0.61905 0.60968 0.36801 0.00000 0.86321 0.49570 0.91518 0.41041 0.97730 0.79050 0.47322 0.20826 0.61313 0.71072 0.45097 0.29654 0.75606 0.62357 0.37751 0.23248 0.61382 0.73587 0.75931 0.53414 0.30310 0.58299 0.43280 0.87373 0.71014 0.82500 0.60287 0.24868 1.03406 0.63280 0.55612 0.95462 0.42381 0.25342 0.24989 0.74338 0.20862 0.87267 0.73201 0.21628 0.47492 0.93486 0.82397 0.40619 0.60807 0.55732 0.64048 0.81090 0.26786 0.34823 0.64925 0.86144 1.00503 0.43569 0.98963 0.30981 0.89246 0.51392 0.67089 0.60268 1.03679 0.51404 0.76812 0.65515 0.59285 0.77068 0.69258 0.54303 1.02347 0.95906 0.26167 0.88071 0.34368 0.59853 0.89226 0.67045 0.74399 0.91312 0.33110 0.67875 0.17281 0.54949 0.94589 0.75002 0.84488 0.70682 0.47350 0.80709 0.35429 0.81780 0.14757 0.88440 0.31679 0.37495 0.73186 0.67377 0.81545 0.96267 0.31590 0.45396 0.35449 0.84476 0.81792 0.61915 0.60496 0.18872 0.40980 0.96617 0.91403 0.78365 0.88412 0.63124 0.47653 0.84776 0.41287 0.64783 0.08945 0.97969 0.83393 0.88558 0.88449 0.98865 0.48102 0.55687 0.54513 0.63325 0.32118 0.54738 0.57313 0.27625 0.40927 1.00272 0.65772 0.58005 0.33287 0.46015 1.00054 0.71896 0.84952 0.27896 0.91562 0.87004 0.77078 0.44370 0.40878 0.72423 0.69672 0.66367 0.72368 0.49576 0.42594 0.64449 0.84231 0.63073 0.30291 0.34509 0.13935 0.31723 0.70634 0.22501 0.37562 0.50668 0.32953 0.11592 0.38608 0.71906 0.32122 0.70300 0.64058 0.38791 0.86547 0.69452 0.66667 0.37320 0.39461 0.89530 0.39362 1.04985 0.48731 0.30292 0.08382 0.71319 0.41990 0.36382 0.44702 0.41907 0.41551 0.88394 0.48079 0.25965
0.61447 0.58201 0.97942 0.74220 0.61372 0.43217 0.93049 0.59955 0.49607 0.86321 0.00000 0.40037 0.29537 0.46574 0.84860 0.16450 0.55674 0.75900 0.77952 0.42512 1.00110 0.91013 0.74788 1.20465 0.55049 0.63112 1.05685 0.25809 0.42909 0.34658 0.76910 1.12154 0.65970 0.33026 0.16792 0.97767 1.20018 0.69453 0.72229 0.29240 0.31811 0.46158 0.75760 0.68636 0.61457 0.86956 0.87361 0.84301 0.13127 0.91224 0.55575 0.18177 0.84165 0.60686 0.68906 0.32146 0.86636 0.05323 0.59984 0.52080 0.79636 0.18649 0.85627 0.43681 0.96265 0.76650 0.44652 0.61335 0.19288 0.91669 0.76306 0.35684 0.26580 0.58746 0.88798 0.93963 0.19061 0.92554 0.83631 0.29481 0.64037 0.17173 0.92675 0.46904 0.07801 0.84503 1.02979 0.97379 0.90327 0.94821 0.83064 0.61598 0.69762 0.11441 0.16535 0.84643 0.85925 0.44709 0.64333 0.47003 0.72774 0.68785 0.59674 0.49789 0.43414 0.66144 0.32833 0.47077 0.93256 0.82566 1.00953 0.15260 0.20306 0.31736 0.74205 0.67989 0.52783 0.63794 0.84955 0.78223 0.24787 0.70114 0.39431 0.43740 0.69038 1.19468 0.88446 0.72091 0.25723 0.27945 0.73026 0.13126 0.87815 0.97522 1.11229 0.73918 0.59422 0.36312 0.36224 0.59778 1.06345 0.87894 0.68637 1.08232 0.59471 1.10849 0.58212 0.88750 0.03945 0.91877 0.10453 0.64501 0.89343 0.63586 0.49335 0.78411 0.95120 0.61638 0.58200 0.38399 0.45429 0.49701 0.95472 0.78959 0.97507 0.52321 0.90490 0.56684 1.07136 0.78333 0.80480 0.36431 0.82424 0.81851 0.49992 0.82056 0.72683 1.00629 0.22366 0.49466 0.48509 0.48688 1.19521 0.50383 0.57886 0.89122 0.78329 0.80906 1.15080 0.99201 0.80668 0.59749 0.45687 0.63301 0.42396 1.05222 0.48020 0.93192 0.80563 0.99963
0.35002 0.39124 0.83563 0.38197 0.45105 0.18880 0.58241 0.30682 0.17927 0.49570 0.40037 0.00000 0.42338 0.08949 0.68152 0.29756 0.18842 0.45921 0.45538 0.26744 0.60951 0.51005 0.49806 0.81789 0.31986 0.27134 0.68777 0.24132 0.31321 0.20993 0.51454 0.73802 0.28055 0.38891 0.29044 0.69161 0.81090 0.29624 0.65123 0.13710 0.08862 0.49242 0.37543 0.39980 0.27135 0.57915 0.47468 0.62174 0.27964 0.51338 0.18821 0.44088 0.59632 0.21704 0.37889 0.21087 0.53657 0.34760 0.26918 0.21688 0.48368 0.36616 0.70151 0.07511 0.75585 0.51533 0.43522 0.26640 0.21755 0.56603 0.67217 0.06950 0.27514 0.32605 0.53886 0.64219 0.21183 0.55779 0.70127 0.46546 0.34266 0.38627 0.52846 0.19346 0.41072 0.53069 0.70127 0.72666 0.50472 0.61556 0.51748 0.28684 0.58111 0.28819 0.35072 0.54647 0.48231 0.36248 0.24568 0.38093 0.34988 0.53617 0.32731 0.21479 0.29099 0.39182 0.33295 0.50183 0.53281 0.44692 0.60982 0.35165 0.32225 0.12496 0.42111 0.30713 0.32155 0.56662 0.64750 0.53591 0.38933 0.39991 0.17696 0.39386 0.30627 0.81313 0.49897 0.61476 0.34033 0.39316 0.55993 0.51268 0.50126 0.60453 0.72391 0.43121 0.32779 0.26529 0.08509 0.21949 0.66472 0.71299 0.40182 0.70297 0.33952 0.71109 0.56904 0.58264 0.37685 0.51840 0.43061 0.50375 0.60828 0.25962 0.09431 0.50778 0.62394 0.35269 0.36822 0.03609 0.21529 0.25307 0.68247 0.47067 0.57470 0.15734 0.51280 0.27552 0.72299 0.38385 0.41280 0.06610 0.57629 0.48438 0.24364 0.53226 0.32840 0.66972 0.21068 0.23502 0.42633 0.28728 0.81700 0.12351 0.18328 0.66411 0.39455 0.70303 0.75315 0.59165 0.45881 0.37118 0.20777 0.23613 0.18151 0.65457 0.25274 0.68538 0.43462 0.60066
0.75010 0.36295 0.69966 0.62292 0.37136 0.56059 0.77643 0.44627 0.58962 0.91518 0.29537 0.42338 0.00000 0.51254 0.58244 0.17815 0.48469 0.87581 0.61770 0.25233 0.91053 0.86347 0.53422 1.09212 0.70144 0.69469 0.92019 0.18325 0.22291 0.50967 0.91718 1.00579 0.57885 0.06350 0.39159 0.76588 1.09383 0.69103 0.43400 0.28960 0.38860 0.16815 0.66743 0.81074 0.69361 0.66975 0.85592 0.60221 0.32803 0.89316 0.48310 0.13305 0.61455 0.55363 0.52943 0.48913 0.69966 0.29109 0.68897 0.62500 0.62231 0.11295 0.58507 0.49310 0.70669 0.91662 0.16817 0.50371 0.34343 0.76669 0.47748 0.42802 0.14828 0.41408 0.73885 0.73897 0.28237 0.79614 0.55952 0.04808 0.75538 0.12365 0.86503 0.35486 0.22301 0.66674 0.84865 0.73767 0.84443 0.77685 0.93806 0.48881 0.42364 0.30308 0.13855 0.65625 0.74942 0.20954 0.60459 0.22551 0.76778 0.42891 0.72826 0.61311 0.24454 0.47586 0.11281 0.17679 0.88078 0.72208 0.95338 0.15017 0.12594 0.29843 0.58272 0.72806 0.68988 0.35445 0.59852 0.56199 0.05098 0.53195 0.52812 0.17866 0.61268 1.07174 0.90715 0.44176 0.08443 0.03061 0.47505 0.28159 0.76651 0.84623 1.00760 0.56919 0.72745 0.55198 0.34233 0.64076 0.99708 0.61060 0.50690 0.96067 0.73480 1.03282 0.28931 0.69712 0.25925 0.87864 0.20721 0.38686 0.68759 0.55515 0.50641 0.58355 0.77453 0.43681 0.37749 0.43268 0.58920 0.34483 0.73517 0.62179 0.93217 0.58052 0.91174 0.68257 0.90772 0.76682 0.73005 0.43391 0.97801 0.90746 0.63131 0.62431 0.68164 0.83444 0.38667 0.62350 0.21901 0.30790 1.06609 0.54663 0.54378 0.64970 0.70295 0.52526 1.07467 0.95148 0.88211 0.39703 0.58653 0.59293 0.55116 0.98033 0.62534 0.69821 0.69233 0.97617
0.26988 0.45663 0.89424 0.38336 0.51843 0.14234 0.58231 0.35029 0.10072 0.41041 0.46574 0.08949 0.51254 0.00000 0.73910 0.38010 0.20591 0.37104 0.47338 0.34848 0.57407 0.45800 0.54204 0.78508 0.25030 0.18269 0.67156 0.32998 0.39587 0.20239 0.43084 0.70932 0.27375 0.47835 0.33348 0.71609 0.77555 0.23274 0.72570 0.22453 0.14884 0.57967 0.35831 0.31400 0.18189 0.60578 0.41097 0.66855 0.33779 0.44928 0.20647 0.52445 0.63734 0.20379 0.40843 0.21373 0.54791 0.41252 0.18058 0.13724 0.50548 0.45146 0.76103 0.02977 0.80239 0.43210 0.52140 0.28760 0.27431 0.56496 0.74338 0.10890 0.36426 0.37856 0.53967 0.66389 0.28488 0.54577 0.76453 0.55414 0.25668 0.47036 0.48276 0.25929 0.48570 0.54952 0.70793 0.76297 0.45874 0.62263 0.42820 0.31596 0.65100 0.35138 0.43451 0.57069 0.46545 0.44558 0.21249 0.46267 0.26692 0.60168 0.24737 0.14298 0.37198 0.43604 0.42218 0.58893 0.48224 0.42979 0.55854 0.43436 0.40865 0.21416 0.44270 0.22184 0.25870 0.64331 0.69828 0.57912 0.47754 0.43172 0.14932 0.47913 0.29154 0.78520 0.42061 0.68523 0.42919 0.48224 0.62089 0.58521 0.48378 0.58903 0.69056 0.45805 0.24849 0.24997 0.17384 0.13517 0.61621 0.76995 0.44004 0.67852 0.26206 0.66524 0.65174 0.60342 0.44683 0.46307 0.50768 0.57247 0.63577 0.25815 0.05786 0.54265 0.63338 0.40202 0.43012 0.08555 0.16151 0.31889 0.71207 0.49032 0.51881 0.06798 0.43922 0.19387 0.71899 0.32275 0.38175 0.10144 0.49243 0.39499 0.17643 0.56164 0.28764 0.67325 0.25451 0.16819 0.50912 0.35942 0.79181 0.03833 0.16360 0.70794 0.36878 0.77117 0.70640 0.53431 0.37014 0.42976 0.15188 0.20605 0.13869 0.60875 0.19414 0.72304 0.42481 0.53647
1.00045 0.29436 0.15522 0.47953 0.24316 0.86934 0.45928 0.39385 0.83893 0.97730 0.84860 0.68152 0.58244 0.73910 0.00000 0.68775 0.54836 1.06119 0.37459 0.45014 0.69139 0.75377 0.22123 0.77751 0.98926 0.85283 0.59334 0.60642 0.42799 0.88171 1.14516 0.70350 0.54903 0.52857 0.86935 0.29599 0.79227 0.73792 0.19890 0.64417 0.72914 0.42899 0.55883 1.02595 0.87658 0.28158 0.80673 0.11978 0.81615 0.82842 0.54715 0.71453 0.17440 0.59456 0.37026 0.87485 0.38840 0.82266 0.88937 0.87359 0.34277 0.66881 0.02945 0.74466 0.13225 1.14817 0.41430 0.47958 0.78928 0.46428 0.15636 0.74096 0.58765 0.36069 0.45220 0.31180 0.72954 0.53115 0.06607 0.61242 0.97229 0.69047 0.72359 0.48820 0.79030 0.34375 0.43455 0.20661 0.71667 0.41455 1.09206 0.44372 0.16081 0.80097 0.68551 0.30588 0.55204 0.40207 0.63666 0.37877 0.85755 0.16151 0.97908 0.88206 0.43252 0.31296 0.52036 0.42423 0.75439 0.55294 0.79447 0.69799 0.64557 0.62595 0.37459 0.84733 0.99713 0.23979 0.07588 0.19600 0.61591 0.34647 0.85801 0.41299 0.56510 0.73858 0.91789 0.15310 0.59292 0.58458 0.12441 0.86323 0.55669 0.56209 0.72935 0.34543 0.98108 0.93777 0.62121 0.79055 0.80429 0.03188 0.32226 0.65690 0.99648 0.81104 0.32805 0.32094 0.80916 0.77683 0.78181 0.20392 0.27023 0.54366 0.68907 0.25957 0.39904 0.33901 0.31366 0.71569 0.89434 0.42926 0.25352 0.35965 0.80708 0.78283 0.89121 0.92532 0.52006 0.75481 0.61937 0.74099 1.20336 1.03713 0.91534 0.27885 0.65608 0.44882 0.81719 0.90699 0.36674 0.40409 0.72052 0.74681 0.62370 0.13257 0.59477 0.12326 0.84195 0.82536 0.99526 0.31058 0.88588 0.63015 0.86254 0.78045 0.93030 0.18659 0.51776 0.87737
0.59014 0.41753 0.82266 0.59483 0.45040 0.39854 0.77635 0.44158 0.44041 0.79050 0.16450 0.29756 0.17815 0.38010 0.68775 0.00000 0.41979 0.72396 0.62236 0.26120 0.86609 0.79067 0.58375 1.06395 0.53622 0.56078 0.90804 0.09613 0.26491 0.33741 0.75554 0.97928 0.52273 0.18827 0.21510 0.81423 1.06144 0.59028 0.57327 0.16433 0.23762 0.32538 0.61950 0.65536 0.55307 0.70701 0.76612 0.67875 0.15171 0.80466 0.41855 0.14449 0.67719 0.47861 0.53128 0.31546 0.70901 0.13514 0.54424 0.47291 0.63708 0.07750 0.69680 0.35533 0.79948 0.75437 0.29757 0.46610 0.16666 0.76339 0.61132 0.27987 0.10151 0.42604 0.73464 0.77725 0.11039 0.77764 0.67901 0.20239 0.60234 0.09137 0.80150 0.31580 0.12999 0.68540 0.87071 0.80930 0.77884 0.79052 0.79040 0.46409 0.54040 0.12824 0.05555 0.68499 0.71635 0.28570 0.52202 0.30917 0.64632 0.52643 0.56922 0.45684 0.26967 0.49929 0.17074 0.33536 0.81131 0.68426 0.88742 0.05427 0.05358 0.18495 0.58498 0.60192 0.52161 0.48636 0.68608 0.61788 0.12820 0.54178 0.36343 0.28116 0.55523 1.05070 0.79652 0.56571 0.10921 0.15150 0.56786 0.23218 0.73492 0.82789 0.97349 0.58009 0.56786 0.37636 0.23451 0.51486 0.93788 0.71851 0.52526 0.93797 0.57323 0.97981 0.44107 0.72624 0.12579 0.80213 0.14126 0.48383 0.73033 0.49833 0.39061 0.62111 0.79253 0.45452 0.41774 0.29478 0.42607 0.33700 0.79067 0.63138 0.85797 0.44605 0.80936 0.52784 0.91598 0.67489 0.67290 0.28683 0.81523 0.76663 0.47031 0.65820 0.60488 0.84884 0.21034 0.46309 0.32919 0.32342 1.04940 0.41758 0.45709 0.72693 0.64903 0.65565 1.02229 0.87609 0.74655 0.43352 0.42488 0.51086 0.38918 0.92445 0.46023 0.76743 0.66095 0.89117
0.45324 0.28890 0.70314 0.19443 0.35114 0.34762 0.39428 0.15462 0.29916 0.47322 0.55674 0.18842 0.48469 0.20591 0.54836 0.41979 0.00000 0.51704 0.27009 0.24746 0.44661 0.37941 0.34093 0.64795 0.44858 0.30708 0.50522 0.33331 0.29386 0.39285 0.59743 0.56487 0.10333 0.43135 0.47234 0.51107 0.64390 0.22627 0.56803 0.26453 0.27282 0.48907 0.20103 0.47795 0.32871 0.40016 0.37393 0.46807 0.45063 0.41022 0.00173 0.54738 0.43372 0.07132 0.20265 0.39701 0.34902 0.50697 0.34101 0.33085 0.30078 0.46913 0.57255 0.22167 0.60089 0.60025 0.42629 0.08187 0.39321 0.37809 0.57672 0.25760 0.35396 0.19299 0.35069 0.45964 0.36807 0.37403 0.58161 0.53237 0.42394 0.49396 0.38462 0.13353 0.54770 0.34613 0.51310 0.55750 0.36283 0.42736 0.55572 0.11086 0.48383 0.45303 0.46271 0.36548 0.30326 0.33892 0.12518 0.34715 0.33277 0.42671 0.43236 0.34384 0.26597 0.23721 0.37377 0.49631 0.39774 0.26915 0.47211 0.46821 0.42277 0.23996 0.23782 0.31056 0.46116 0.49532 0.50073 0.37710 0.46812 0.22622 0.34905 0.38160 0.13545 0.63838 0.44238 0.51835 0.41550 0.45887 0.43718 0.65116 0.32225 0.42235 0.55593 0.25220 0.43464 0.44601 0.19478 0.24375 0.51991 0.57805 0.23684 0.52635 0.45064 0.56047 0.52740 0.39937 0.52636 0.39405 0.56105 0.40554 0.43006 0.07920 0.14929 0.33736 0.43614 0.21018 0.25706 0.22270 0.36740 0.17180 0.50621 0.28636 0.44802 0.23707 0.43755 0.37911 0.53527 0.28786 0.25339 0.25343 0.65638 0.50627 0.37866 0.35573 0.19716 0.48130 0.39458 0.37088 0.39434 0.22212 0.63982 0.20364 0.08061 0.50534 0.22924 0.59711 0.60293 0.46716 0.46855 0.25033 0.35771 0.11393 0.34319 0.50553 0.39915 0.51794 0.25153 0.49186
0.14703 0.80318 1.21440 0.61254 0.86591 0.32965 0.76866 0.67038 0.28621 0.20826 0.75900 0.45921 0.87581 0.37104 1.06119 0.72396 0.51704 0.00000 0.72548 0.71632 0.63687 0.47988 0.84497 0.82322 0.21559 0.21006 0.79103 0.69278 0.76458 0.41263 0.10147 0.77518 0.51805 0.84669 0.59378 0.95851 0.80384 0.33711 1.08077 0.58662 0.48902 0.95068 0.54588 0.07326 0.19354 0.86330 0.39141 0.96978 0.63068 0.41006 0.51846 0.86570 0.92715 0.46668 0.69561 0.43773 0.77214 0.71037 0.19052 0.25156 0.76223 0.80042 1.08661 0.38531 1.09687 0.10742 0.89208 0.58161 0.57686 0.75106 1.09251 0.44827 0.72864 0.71002 0.73548 0.90311 0.61578 0.70077 1.09784 0.91424 0.12163 0.81497 0.52570 0.61648 0.80337 0.79332 0.89925 1.03369 0.50841 0.82493 0.07382 0.61753 0.99940 0.65314 0.77944 0.82571 0.62233 0.81435 0.42775 0.83012 0.22220 0.94355 0.16262 0.26747 0.73955 0.74829 0.79171 0.95991 0.50274 0.59523 0.55296 0.77624 0.76222 0.58087 0.70783 0.21671 0.24483 1.00286 1.00702 0.87777 0.83626 0.72034 0.36714 0.84938 0.51048 0.84386 0.29163 1.03398 0.79143 0.84521 0.95374 0.88973 0.63413 0.72434 0.73997 0.73268 0.16547 0.40661 0.54426 0.27371 0.61058 1.08971 0.74046 0.76602 0.16800 0.66269 1.01922 0.84613 0.75401 0.46676 0.82997 0.92061 0.89276 0.51943 0.39871 0.82577 0.84128 0.72635 0.77258 0.44410 0.30531 0.67246 0.96852 0.74393 0.50072 0.30614 0.34081 0.19632 0.87476 0.36720 0.51754 0.44213 0.14730 0.09618 0.25951 0.83019 0.43486 0.85870 0.53847 0.26535 0.87730 0.71840 0.86084 0.34428 0.43855 1.00026 0.52670 1.11409 0.69225 0.50378 0.12590 0.76708 0.30383 0.43287 0.33858 0.61777 0.27930 0.99949 0.61349 0.46555
0.69631 0.27211 0.51360 0.11378 0.30340 0.61572 0.15874 0.18082 0.55979 0.61313 0.77952 0.45538 0.61770 0.47338 0.37459 0.62236 0.27009 0.72548 0.00000 0.37289 0.33964 0.37981 0.16220 0.48482 0.70427 0.52879 0.30457 0.52637 0.39489 0.66263 0.81870 0.39933 0.21334 0.55458 0.72567 0.24392 0.49087 0.38912 0.48484 0.49709 0.53430 0.54391 0.18935 0.70426 0.55937 0.13872 0.43305 0.26213 0.69328 0.45388 0.26990 0.71961 0.21135 0.27882 0.09122 0.66586 0.08685 0.73549 0.57780 0.58726 0.03682 0.64733 0.40368 0.49123 0.37683 0.82284 0.48997 0.18924 0.64278 0.14944 0.47044 0.52486 0.53118 0.20416 0.12245 0.19069 0.60387 0.19120 0.42958 0.66382 0.65691 0.67354 0.35214 0.31120 0.75121 0.07617 0.25180 0.30826 0.34341 0.16873 0.74440 0.17101 0.39389 0.68981 0.65039 0.10134 0.18297 0.41433 0.30235 0.40585 0.50830 0.32990 0.67775 0.60450 0.37516 0.14625 0.50996 0.54664 0.38189 0.17900 0.42884 0.65951 0.60560 0.47195 0.03747 0.50908 0.72093 0.44813 0.30530 0.17906 0.62242 0.08583 0.61892 0.45508 0.21526 0.45905 0.54752 0.42179 0.57582 0.60125 0.30954 0.84940 0.19171 0.23768 0.41029 0.05045 0.68079 0.71607 0.43867 0.47343 0.44858 0.39649 0.11392 0.35188 0.69799 0.46657 0.51965 0.13018 0.74395 0.40273 0.75681 0.33797 0.16877 0.22061 0.41562 0.11503 0.17293 0.18108 0.24712 0.49076 0.63368 0.28634 0.24577 0.01847 0.43575 0.49231 0.51815 0.62761 0.29428 0.38818 0.24553 0.52133 0.87226 0.68579 0.63963 0.10623 0.29587 0.22678 0.65210 0.63245 0.43742 0.31192 0.45096 0.46452 0.31781 0.28217 0.22228 0.46851 0.50361 0.45464 0.64197 0.22707 0.62370 0.30009 0.61184 0.42609 0.66307 0.27446 0.14328 0.50453
0.61665 0.16149 0.59727 0.37060 0.20708 0.45122 0.53091 0.19576 0.44563 0.71072 0.42512 0.26744 0.25233 0.34848 0.45014 0.26120 0.24746 0.71632 0.37289 0.00000 0.65849 0.61893 0.32278 0.84052 0.58681 0.51333 0.67134 0.16759 0.04893 0.44332 0.77929 0.75427 0.33245 0.19241 0.42020 0.55310 0.84181 0.46970 0.38706 0.19542 0.28975 0.24400 0.41698 0.66224 0.52321 0.44668 0.62080 0.42334 0.36982 0.65651 0.24575 0.34673 0.41753 0.31876 0.28237 0.43290 0.45784 0.38906 0.52649 0.48322 0.38274 0.27533 0.46466 0.34155 0.54978 0.78047 0.18174 0.25309 0.33926 0.51989 0.41227 0.31119 0.16256 0.16976 0.49154 0.51703 0.28091 0.54533 0.45593 0.30018 0.60494 0.30145 0.61699 0.11426 0.38505 0.42991 0.61513 0.55071 0.59726 0.53787 0.76770 0.23654 0.32504 0.35745 0.28067 0.42626 0.49709 0.09831 0.37239 0.11419 0.56497 0.29158 0.59395 0.48223 0.02357 0.24023 0.14024 0.25196 0.63469 0.46992 0.70545 0.29079 0.23564 0.17982 0.33649 0.53334 0.58655 0.30064 0.43589 0.35747 0.25049 0.28859 0.43124 0.13709 0.36597 0.82125 0.68763 0.35693 0.20295 0.23189 0.32595 0.47944 0.51421 0.59564 0.75539 0.32688 0.59463 0.49814 0.18864 0.45171 0.74706 0.48194 0.26817 0.70962 0.60678 0.78152 0.30335 0.46768 0.38686 0.63560 0.38741 0.25287 0.46942 0.30975 0.31836 0.36037 0.53806 0.19653 0.15716 0.29482 0.47923 0.09249 0.52960 0.37938 0.68748 0.41044 0.68479 0.54133 0.66665 0.53532 0.48135 0.31333 0.84090 0.72621 0.51062 0.39819 0.44256 0.59622 0.36739 0.50201 0.16100 0.06290 0.81653 0.37211 0.31884 0.47101 0.45362 0.44788 0.82318 0.70711 0.69355 0.17237 0.47266 0.36098 0.44294 0.72967 0.51734 0.50854 0.44000 0.73627
0.67972 0.60053 0.80846 0.28972 0.63995 0.69414 0.23688 0.47055 0.61559 0.45097 1.00110 0.60951 0.91053 0.57407 0.69139 0.86609 0.44661 0.63687 0.33964 0.65849 0.00000 0.15706 0.49825 0.21121 0.71910 0.51145 0.16740 0.77730 0.69382 0.77345 0.73820 0.14229 0.34341 0.85079 0.89888 0.44740 0.20180 0.36120 0.82312 0.71018 0.69795 0.86722 0.24693 0.65146 0.54798 0.41122 0.24611 0.57179 0.88787 0.23501 0.44779 0.98931 0.51706 0.39481 0.40314 0.78713 0.30310 0.95013 0.57289 0.62475 0.36058 0.91168 0.72075 0.60240 0.65120 0.74427 0.80865 0.40780 0.82676 0.22863 0.80563 0.66960 0.79419 0.51145 0.23927 0.40291 0.81086 0.16027 0.75284 0.95850 0.62629 0.93714 0.11143 0.56039 0.99431 0.34839 0.32810 0.55397 0.13103 0.29273 0.62077 0.42205 0.73281 0.89364 0.90729 0.38562 0.16498 0.72515 0.36516 0.72223 0.43056 0.66921 0.66979 0.65156 0.66883 0.47596 0.79784 0.87137 0.13537 0.18868 0.11933 0.91346 0.86583 0.68604 0.36087 0.46333 0.74655 0.78745 0.61629 0.50660 0.90288 0.41257 0.71514 0.76881 0.31139 0.21671 0.36233 0.75960 0.85141 0.88843 0.64610 1.09774 0.15093 0.13826 0.11682 0.38676 0.67411 0.81436 0.63925 0.48905 0.11299 0.70684 0.44517 0.12951 0.69126 0.12759 0.85625 0.37359 0.97203 0.17224 1.00732 0.67726 0.42817 0.36778 0.52651 0.44309 0.31154 0.49826 0.57083 0.63545 0.69871 0.56618 0.47892 0.34805 0.15814 0.54994 0.31415 0.63650 0.26866 0.28590 0.19690 0.66323 0.77491 0.55994 0.68167 0.41480 0.28643 0.29040 0.81863 0.67779 0.76045 0.60761 0.22895 0.54443 0.42624 0.57302 0.21790 0.79828 0.16691 0.16818 0.51754 0.55191 0.68879 0.37392 0.69497 0.08906 0.71277 0.53927 0.22081 0.22731
0.52855 0.60043 0.88716 0.28772 0.65082 0.56332 0.33830 0.45404 0.48243 0.29654 0.91013 0.51005 0.86347 0.45800 0.75377 0.79067 0.37941 0.47988 0.37981 0.61893 0.15706 0.00000 0.54036 0.35270 0.57233 0.36596 0.31729 0.70983 0.66113 0.64879 0.58118 0.29624 0.28651 0.80842 0.79086 0.55245 0.33700 0.22852 0.85450 0.62791 0.59559 0.84934 0.21416 0.49638 0.40190 0.48903 0.08924 0.63841 0.78873 0.08558 0.38095 0.92423 0.58505 0.31351 0.41210 0.66520 0.37867 0.85753 0.42704 0.48627 0.41104 0.84592 0.78301 0.48759 0.73877 0.58726 0.78757 0.36945 0.72571 0.32396 0.84546 0.56190 0.73259 0.50029 0.32117 0.50109 0.72025 0.25770 0.80938 0.91131 0.47422 0.87006 0.04714 0.50913 0.91410 0.41736 0.45512 0.65070 0.03917 0.39896 0.46450 0.39528 0.76275 0.79822 0.83740 0.45606 0.20504 0.70023 0.26883 0.70254 0.27769 0.69808 0.52020 0.51425 0.63396 0.48730 0.75170 0.85511 0.02559 0.20088 0.10055 0.84171 0.79943 0.60590 0.38652 0.31456 0.60116 0.80410 0.68257 0.55881 0.84746 0.42937 0.58855 0.74445 0.25316 0.36740 0.20960 0.79339 0.79482 0.83809 0.68481 1.01755 0.20556 0.26344 0.26351 0.41598 0.52462 0.68451 0.55662 0.35361 0.15902 0.77435 0.46147 0.28647 0.54137 0.21006 0.86052 0.45752 0.88498 0.02331 0.93066 0.69643 0.51253 0.30932 0.41900 0.49444 0.41782 0.49596 0.56758 0.53020 0.56402 0.53120 0.57646 0.39416 0.06871 0.42180 0.16437 0.49102 0.41104 0.14185 0.14533 0.55491 0.61805 0.40340 0.54187 0.47718 0.18581 0.41454 0.71114 0.53893 0.74599 0.57879 0.38261 0.42397 0.33389 0.65062 0.17403 0.84707 0.24982 0.08819 0.36068 0.55127 0.55453 0.27987 0.56546 0.15495 0.57367 0.62787 0.23668 0.12631
0.79351 0.17219 0.37048 0.25961 0.17272 0.67954 0.28708 0.19237 0.63893 0.75606 0.74788 0.49806 0.53422 0.54204 0.22123 0.58375 0.34093 0.84497 0.16220 0.32278 0.49825 0.54036 0.00000 0.62279 0.78901 0.63864 0.43586 0.49025 0.32454 0.70661 0.93187 0.54043 0.32922 0.47141 0.72958 0.23307 0.63249 0.51774 0.32499 0.49485 0.56081 0.42647 0.33901 0.81355 0.66450 0.13789 0.58817 0.12715 0.68560 0.61163 0.33995 0.65292 0.09934 0.37906 0.15006 0.70408 0.20523 0.71127 0.67910 0.67152 0.13767 0.58944 0.24914 0.55232 0.26041 0.93522 0.38244 0.26562 0.64590 0.28544 0.30848 0.56368 0.48372 0.17522 0.26510 0.20533 0.59470 0.34276 0.27072 0.57599 0.76150 0.61469 0.51410 0.31383 0.70494 0.16048 0.32212 0.23299 0.50468 0.26400 0.87308 0.23131 0.23549 0.67609 0.59879 0.13444 0.34507 0.32502 0.41812 0.30899 0.63771 0.17355 0.77293 0.68327 0.31473 0.10651 0.43959 0.42688 0.54348 0.34026 0.59091 0.60980 0.55427 0.47231 0.15523 0.62959 0.80025 0.29800 0.16206 0.03793 0.55117 0.12577 0.67391 0.35748 0.34409 0.59092 0.69733 0.26137 0.51256 0.52464 0.14797 0.79459 0.35307 0.38345 0.55774 0.12566 0.77530 0.76256 0.45391 0.57768 0.60887 0.24719 0.10510 0.49223 0.79145 0.62378 0.37813 0.17101 0.70951 0.56304 0.70440 0.19092 0.15342 0.32563 0.48803 0.05946 0.25600 0.14655 0.16608 0.53389 0.70216 0.26375 0.20696 0.15089 0.59764 0.57799 0.67192 0.71990 0.39305 0.53379 0.40168 0.56219 0.98889 0.81734 0.71769 0.09915 0.43484 0.31639 0.66548 0.70967 0.32669 0.26178 0.57828 0.54409 0.41120 0.16634 0.37603 0.30677 0.65910 0.61663 0.77507 0.15053 0.69298 0.41230 0.67379 0.58595 0.73608 0.19070 0.30386 0.66577
0.88116 0.75693 0.86516 0.47195 0.78507 0.90496 0.33584 0.64590 0.82596 0.62357 1.20465 0.81789 1.09212 0.78508 0.77751 1.06395 0.64795 0.82322 0.48482 0.84052 0.21121 0.35270 0.62279 0.00000 0.92449 0.71735 0.18748 0.97235 0.87054 0.98466 0.92302 0.08636 0.54498 1.03032 1.10800 0.49126 0.02590 0.57080 0.93986 0.91247 0.90650 1.02870 0.44707 0.84653 0.75361 0.50355 0.43564 0.66094 1.09471 0.41327 0.64896 1.18072 0.60947 0.60155 0.56608 0.99829 0.41819 1.15454 0.77870 0.83389 0.49278 1.10425 0.80531 0.81327 0.70363 0.92945 0.97405 0.59880 1.03440 0.33927 0.91363 0.87934 0.98601 0.68087 0.36349 0.46592 1.01534 0.29680 0.84307 1.13949 0.82668 1.13016 0.31355 0.75169 1.19336 0.46230 0.34896 0.59959 0.33624 0.36623 0.79638 0.60635 0.85488 1.09930 1.10206 0.49148 0.34773 0.89565 0.57514 0.88901 0.63018 0.79556 0.87287 0.86109 0.84766 0.63086 0.98074 1.03146 0.32752 0.37981 0.27029 1.10911 1.05926 0.88779 0.51551 0.66697 0.95286 0.92079 0.70232 0.61930 1.08973 0.56858 0.92630 0.93769 0.51485 0.04639 0.53474 0.87634 1.03966 1.07241 0.76334 1.29613 0.32935 0.24773 0.09453 0.53527 0.87729 1.02537 0.84246 0.69866 0.21443 0.78515 0.59855 0.13296 0.89406 0.16562 0.99905 0.46361 1.17417 0.36058 1.20461 0.81284 0.50877 0.56880 0.73679 0.56342 0.37987 0.66212 0.73124 0.84488 0.90892 0.74841 0.53173 0.48643 0.32252 0.76086 0.48468 0.84263 0.26281 0.49131 0.40550 0.87309 0.95308 0.73825 0.89048 0.52614 0.49750 0.32900 1.02786 0.88690 0.92208 0.78454 0.07225 0.75564 0.63483 0.64693 0.42355 0.89600 0.15126 0.32071 0.69907 0.71130 0.89907 0.58347 0.90593 0.20545 0.92186 0.59980 0.40383 0.36769
