25 0
0.00000 0.50033 0.80772 0.50922 0.78783 0.59591 0.43210 0.80139 0.50582 0.30000 0.53022 0.65841 0.92650 0.50906 0.46455 0.37933 0.41695 0.49066 0.82204 0.60534 0.44373 0.15580 0.35697 0.75935 0.33648
0.50033 0.00000 0.38591 0.31541 0.44631 0.56814 0.60933 0.30109 0.48245 0.54546 0.07764 0.37696 0.42624 0.02914 0.40806 0.22045 0.74077 0.77506 0.32172 0.54367 0.17113 0.42006 0.14376 0.59961 0.16643
0.80772 0.38591 0.00000 0.68577 0.70840 0.94221 0.70086 0.30068 0.86295 0.92250 0.31549 0.69903 0.33009 0.40260 0.79000 0.42955 1.11612 1.15628 0.30137 0.91344 0.55440 0.77424 0.48674 0.93499 0.49602
0.50922 0.31541 0.68577 0.00000 0.28372 0.25644 0.80637 0.49126 0.18418 0.36714 0.39302 0.15019 0.60375 0.29126 0.12251 0.46350 0.54287 0.54848 0.50987 0.22903 0.15253 0.36057 0.31569 0.30200 0.33440
0.78783 0.44631 0.70840 0.28372 0.00000 0.40484 1.03502 0.42709 0.39836 0.63908 0.50737 0.13530 0.49361 0.41738 0.37630 0.65581 0.79598 0.78372 0.43700 0.36466 0.36499 0.64299 0.52573 0.27657 0.55039
0.59591 0.56814 0.94221 0.25644 0.40484 0.00000 0.97615 0.73413 0.09948 0.33066 0.64562 0.29922 0.83726 0.54560 0.17038 0.68444 0.42624 0.39478 0.75123 0.04018 0.39851 0.44378 0.53892 0.19890 0.55117
0.43210 0.60933 0.70086 0.80637 1.03502 0.97615 0.00000 0.85337 0.87763 0.72437 0.57963 0.93227 0.95630 0.63482 0.81642 0.38891 0.84665 0.92215 0.86957 0.97434 0.67579 0.54908 0.50942 1.10150 0.48519
0.80139 0.30109 0.30068 0.49126 0.42709 0.73413 0.85337 0.00000 0.67494 0.81268 0.28736 0.45165 0.12606 0.29396 0.61180 0.48398 1.00563 1.02636 0.02094 0.69905 0.40999 0.71273 0.44475 0.68098 0.46666
0.50582 0.48245 0.86295 0.18418 0.39836 0.09948 0.87763 0.67494 0.00000 0.26398 0.55918 0.27294 0.78536 0.46191 0.07519 0.58695 0.39869 0.38640 0.69329 0.09974 0.31135 0.35138 0.44268 0.25985 0.45387
0.30000 0.54546 0.92250 0.36714 0.63908 0.33066 0.72437 0.81268 0.26398 0.00000 0.60820 0.50463 0.93557 0.53759 0.26318 0.54541 0.19539 0.23684 0.83320 0.35240 0.40271 0.18437 0.43848 0.52068 0.43438
0.53022 0.07764 0.31549 0.39302 0.50737 0.64562 0.57963 0.28736 0.55918 0.60820 0.00000 0.44860 0.40631 0.10300 0.48453 0.19803 0.80267 0.84103 0.30643 0.62131 0.24791 0.46927 0.18019 0.67478 0.19587
0.65841 0.37696 0.69903 0.15019 0.13530 0.29922 0.93227 0.45165 0.27294 0.50463 0.44860 0.00000 0.54457 0.34826 0.24274 0.56653 0.66627 0.65913 0.46655 0.26032 0.25666 0.51074 0.42582 0.23597 0.44858
0.92650 0.42624 0.33009 0.60375 0.49361 0.83726 0.95630 0.12606 0.78536 0.93557 0.40631 0.54457 0.00000 0.41992 0.72579 0.59922 1.12745 1.14546 0.10514 0.80047 0.53340 0.83871 0.56959 0.76285 0.59097
0.50906 0.02914 0.40260 0.29126 0.41738 0.54560 0.63482 0.29396 0.46191 0.53759 0.10300 0.34826 0.41992 0.00000 0.38813 0.24639 0.73296 0.76450 0.31483 0.52010 0.15182 0.42061 0.15590 0.57214 0.18030
0.46455 0.40806 0.79000 0.12251 0.37630 0.17038 0.81642 0.61180 0.07519 0.26318 0.48453 0.24274 0.72579 0.38813 0.00000 0.51407 0.42606 0.42711 0.63075 0.15952 0.23695 0.30879 0.36872 0.29566 0.38080
0.37933 0.22045 0.42955 0.46350 0.65581 0.68444 0.38891 0.48398 0.58695 0.54541 0.19803 0.56653 0.59922 0.24639 0.51407 0.00000 0.72701 0.78124 0.50242 0.67051 0.31507 0.37199 0.14823 0.76526 0.13330
0.41695 0.74077 1.11612 0.54287 0.79598 0.42624 0.84665 1.00563 0.39869 0.19539 0.80267 0.66627 1.12745 0.73296 0.42606 0.72701 0.00000 0.08171 1.02599 0.46014 0.59622 0.35525 0.63033 0.62472 0.62421
0.49066 0.77506 1.15628 0.54848 0.78372 0.39478 0.92215 1.02636 0.38640 0.23684 0.84103 0.65913 1.14546 0.76450 0.42711 0.78124 0.08171 0.00000 1.04628 0.43196 0.62116 0.41319 0.67455 0.58911 0.67109
0.82204 0.32172 0.30137 0.50987 0.43700 0.75123 0.86957 0.02094 0.69329 0.83320 0.30643 0.46655 0.10514 0.31483 0.63075 0.50242 1.02599 1.04628 0.00000 0.71582 0.43054 0.73367 0.46532 0.69426 0.48710
0.60534 0.54367 0.91344 0.22903 0.36466 0.04018 0.97434 0.69905 0.09974 0.35240 0.62131 0.26032 0.80047 0.52010 0.15952 0.67051 0.46014 0.43196 0.71582 0.00000 0.37604 0.45110 0.52351 0.16928 0.53733
0.44373 0.17113 0.55440 0.15253 0.36499 0.39851 0.67579 0.40999 0.31135 0.40271 0.24791 0.25666 0.53340 0.15182 0.23695 0.31507 0.59622 0.62116 0.43054 0.37604 0.00000 0.32087 0.17012 0.45157 0.19212
0.15580 0.42006 0.77424 0.36057 0.64299 0.44378 0.54908 0.71273 0.35138 0.18437 0.46927 0.51074 0.83871 0.42061 0.30879 0.37199 0.35525 0.41319 0.73367 0.45110 0.32087 0.00000 0.28963 0.60358 0.27827
0.35697 0.14376 0.48674 0.31569 0.52573 0.53892 0.50942 0.44475 0.44268 0.43848 0.18019 0.42582 0.56959 0.15590 0.36872 0.14823 0.63033 0.67455 0.46532 0.52351 0.17012 0.28963 0.00000 0.61765 0.02590
0.75935 0.59961 0.93499 0.30200 0.27657 0.19890 1.10150 0.68098 0.25985 0.52068 0.67478 0.23597 0.76285 0.57214 0.29566 0.76526 0.62472 0.58911 0.69426 0.16928 0.45157 0.60358 0.61765 0.00000 0.63631
0.33648 0.16643 0.49602 0.33440 0.55039 0.55117 0.48519 0.46666 0.45387 0.43438 0.19587 0.44858 0.59097 0.18030 0.38080 0.13330 0.62421 0.67109 0.48710 0.53733 0.19212 0.27827 0.02590 0.63631 0.00000
