25 0
0.00000 0.80323 0.07742 0.57298 0.82977 0.66811 0.40401 1.01192 0.58988 0.93593 0.32084 0.39639 0.27105 0.26247 0.10594 0.58105 0.63799 0.77439 0.32851 0.37862 1.04738 0.39362 0.57970 0.68235 0.54073
0.80323 0.00000 0.87640 0.59334 0.25614 0.26474 0.49083 0.35013 0.35029 0.14537 0.71228 0.45164 0.59123 0.55562 0.86652 0.42408 0.87094 0.20460 0.67553 0.45754 0.41104 0.76906 0.23949 0.70980 0.79699
0.07742 0.87640 0.00000 0.60683 0.89212 0.73079 0.45854 1.07406 0.66719 1.00721 0.38178 0.47381 0.34714 0.32831 0.11542 0.65728 0.63820 0.83918 0.35557 0.45600 1.10719 0.40023 0.65544 0.70465 0.54678
0.57298 0.59334 0.60683 0.00000 0.43578 0.33068 0.22912 0.58649 0.67394 0.65404 0.74505 0.55854 0.58787 0.37536 0.67787 0.72781 0.27781 0.42648 0.25231 0.53894 0.59470 0.26197 0.53013 0.14579 0.21572
0.82977 0.25614 0.89212 0.43578 0.00000 0.16167 0.44019 0.18215 0.54804 0.24003 0.83663 0.57188 0.68763 0.56753 0.91523 0.62338 0.70305 0.07119 0.60486 0.56729 0.22238 0.66957 0.39233 0.51670 0.65150
0.66811 0.26474 0.73079 0.33068 0.16167 0.00000 0.28274 0.34382 0.44826 0.32962 0.68926 0.43071 0.53540 0.40587 0.75400 0.51952 0.60843 0.11328 0.45601 0.42268 0.38161 0.53264 0.28455 0.44543 0.53986
0.40401 0.49083 0.45854 0.22912 0.44019 0.28274 0.00000 0.62034 0.46882 0.59531 0.52105 0.33227 0.36160 0.15971 0.50054 0.51369 0.44882 0.39559 0.18472 0.31174 0.65015 0.28408 0.34862 0.37297 0.35196
1.01192 0.35013 1.07406 0.58649 0.18215 0.34382 0.62034 0.00000 0.68851 0.24937 1.00756 0.74065 0.86298 0.74966 1.09698 0.76415 0.83546 0.24258 0.77903 0.73839 0.06198 0.83498 0.54604 0.63866 0.79872
0.58988 0.35029 0.66719 0.67394 0.54804 0.44826 0.46882 0.68851 0.00000 0.49186 0.39519 0.19545 0.32462 0.42084 0.61790 0.07581 0.91758 0.47762 0.61837 0.21608 0.74628 0.73172 0.16371 0.81799 0.82023
0.93593 0.14537 1.00721 0.65404 0.24003 0.32962 0.59531 0.24937 0.49186 0.00000 0.85751 0.59576 0.73402 0.68146 1.00413 0.56401 0.92917 0.22789 0.77727 0.60069 0.31076 0.86068 0.38388 0.75049 0.86715
0.32084 0.71228 0.38178 0.74505 0.83663 0.68926 0.52105 1.00756 0.39519 0.85751 0.00000 0.26729 0.16107 0.37039 0.28599 0.35017 0.89553 0.76814 0.55642 0.26949 1.05693 0.65556 0.47460 0.88185 0.79152
0.39639 0.45164 0.47381 0.55854 0.57188 0.43071 0.33227 0.74065 0.19545 0.59576 0.26729 0.00000 0.14293 0.24013 0.43386 0.20500 0.77061 0.50250 0.44850 0.02333 0.79083 0.56225 0.21215 0.70389 0.66847
0.27105 0.59123 0.34714 0.58787 0.68763 0.53540 0.36160 0.86298 0.32462 0.73402 0.16107 0.14293 0.00000 0.21724 0.29388 0.31014 0.75651 0.62111 0.41789 0.13379 0.90956 0.52496 0.35255 0.72724 0.65205
0.26247 0.55562 0.32831 0.37536 0.56753 0.40587 0.15971 0.74966 0.42084 0.68146 0.37039 0.24013 0.21724 0.00000 0.35003 0.44394 0.54345 0.51201 0.21054 0.21681 0.78613 0.32339 0.35390 0.51157 0.43936
0.10594 0.86652 0.11542 0.67787 0.91523 0.75400 0.50054 1.09698 0.61790 1.00413 0.28599 0.43386 0.29388 0.35003 0.00000 0.59615 0.73992 0.85658 0.43444 0.42024 1.13527 0.49691 0.63408 0.78829 0.64427
0.58105 0.42408 0.65728 0.72781 0.62338 0.51952 0.51369 0.76415 0.07581 0.56401 0.35017 0.20500 0.31014 0.44394 0.59615 0.00000 0.96131 0.55280 0.64950 0.22813 0.82203 0.76347 0.23574 0.87306 0.86153
0.63799 0.87094 0.63820 0.27781 0.70305 0.60843 0.44882 0.83546 0.91758 0.92917 0.89553 0.77061 0.75651 0.54345 0.73992 0.96131 0.00000 0.70129 0.33959 0.74827 0.83183 0.24544 0.78862 0.19972 0.10447
0.77439 0.20460 0.83918 0.42648 0.07119 0.11328 0.39559 0.24258 0.47762 0.22789 0.76814 0.50250 0.62111 0.51201 0.85658 0.55280 0.70129 0.00000 0.56901 0.49866 0.28888 0.64304 0.32118 0.52466 0.64047
0.32851 0.67553 0.35557 0.25231 0.60486 0.45601 0.18472 0.77903 0.61837 0.77727 0.55642 0.44850 0.41789 0.21054 0.43444 0.64950 0.33959 0.56901 0.00000 0.42531 0.80083 0.11397 0.52067 0.35388 0.23529
0.37862 0.45754 0.45600 0.53894 0.56729 0.42268 0.31174 0.73839 0.21608 0.60069 0.26949 0.02333 0.13379 0.21681 0.42024 0.22813 0.74827 0.49866 0.42531 0.00000 0.78745 0.53902 0.21877 0.68403 0.64593
1.04738 0.41104 1.10719 0.59470 0.22238 0.38161 0.65015 0.06198 0.74628 0.31076 1.05693 0.79083 0.90956 0.78613 1.13527 0.82203 0.83183 0.28888 0.80083 0.78745 0.00000 0.84942 0.60066 0.63285 0.80261
0.39362 0.76906 0.40023 0.26197 0.66957 0.53264 0.28408 0.83498 0.73172 0.86068 0.65556 0.56225 0.52496 0.32339 0.49691 0.76347 0.24544 0.64304 0.11397 0.53902 0.84942 0.00000 0.62909 0.31645 0.14738
0.57970 0.23949 0.65544 0.53013 0.39233 0.28455 0.34862 0.54604 0.16371 0.38388 0.47460 0.21215 0.35255 0.35390 0.63408 0.23574 0.78862 0.32118 0.52067 0.21877 0.60066 0.62909 0.00000 0.67075 0.69702
0.68235 0.70980 0.70465 0.14579 0.51670 0.44543 0.37297 0.63866 0.81799 0.75049 0.88185 0.70389 0.72724 0.51157 0.78829 0.87306 0.19972 0.52466 0.35388 0.68403 0.63285 0.31645 0.67075 0.00000 0.19927
0.54073 0.79699 0.54678 0.21572 0.65150 0.53986 0.35196 0.79872 0.82023 0.86715 0.79152 0.66847 0.65205 0.43936 0.64427 0.86153 0.10447 0.64047 0.23529 0.64593 0.80261 0.14738 0.69702 0.19927 0.00000
