25 0
0.00000 0.71079 0.48264 0.54814 0.51964 0.24222 0.31410 0.64296 0.46065 0.84500 0.92983 0.44399 0.68957 0.90058 0.65355 0.41680 0.12754 0.23792 0.71414 0.25241 0.65920 0.15364 0.17851 0.55585 0.26789
0.71079 0.00000 0.75881 0.76056 0.49945 0.55129 0.43200 0.36023 0.80168 0.47227 0.57638 0.76737 0.60787 0.23274 0.19598 0.75968 0.71516 0.64508 0.37694 0.65043 0.41526 0.67715 0.83103 0.33268 0.59875
0.48264 0.75881 0.00000 0.07176 0.87223 0.31760 0.39959 0.90783 0.92862 0.58658 0.62493 0.04709 0.32344 0.99141 0.82668 0.07222 0.60583 0.68374 0.51081 0.69964 0.94820 0.32989 0.39518 0.81624 0.68948
0.54814 0.76056 0.07176 0.00000 0.91378 0.36620 0.43361 0.93649 0.98780 0.54345 0.57239 0.11861 0.27051 0.99304 0.84454 0.14392 0.66934 0.74125 0.48170 0.75710 0.97942 0.39461 0.46668 0.84655 0.74376
0.51964 0.49945 0.87223 0.91378 0.00000 0.55621 0.48290 0.18938 0.33054 0.90019 1.00758 0.85260 0.90610 0.56037 0.31942 0.83096 0.43371 0.30672 0.76919 0.29913 0.17044 0.60270 0.69681 0.16778 0.26062
0.24222 0.55129 0.31760 0.36620 0.55621 0.00000 0.12021 0.61015 0.63010 0.60531 0.68797 0.29640 0.45349 0.77006 0.55890 0.27524 0.33588 0.38210 0.47779 0.39764 0.64499 0.13410 0.29135 0.51677 0.37938
0.31410 0.43200 0.39959 0.43361 0.48290 0.12021 0.00000 0.50886 0.61835 0.54379 0.63713 0.38889 0.44854 0.64986 0.44324 0.37215 0.37318 0.37831 0.40818 0.39206 0.54862 0.24638 0.40265 0.41681 0.35955
0.64296 0.36023 0.90783 0.93649 0.18938 0.61015 0.50886 0.00000 0.51962 0.81016 0.91765 0.89755 0.87286 0.37547 0.16430 0.87995 0.58233 0.46562 0.69166 0.46199 0.05575 0.69037 0.81083 0.09347 0.41482
0.46065 0.80168 0.92862 0.98780 0.33054 0.63010 0.61835 0.51962 0.00000 1.13345 1.23584 0.89481 1.06580 0.88971 0.64053 0.86845 0.33342 0.24801 0.99554 0.23248 0.49360 0.60312 0.62091 0.48732 0.25880
0.84500 0.47227 0.58658 0.54345 0.90019 0.60531 0.54379 0.81016 1.13345 0.00000 0.10790 0.62196 0.27899 0.65072 0.65415 0.63216 0.91688 0.91091 0.13827 0.92287 0.86568 0.72868 0.87352 0.75393 0.88181
0.92983 0.57638 0.62493 0.57239 1.00758 0.68797 0.63713 0.91765 1.23584 0.10790 0.00000 0.66482 0.30221 0.74411 0.76083 0.67874 1.00860 1.00944 0.24126 1.02186 0.97322 0.80525 0.94357 0.86183 0.98224
0.44399 0.76737 0.04709 0.11861 0.85260 0.29640 0.38889 0.89755 0.89481 0.62196 0.66482 0.00000 0.36477 0.99920 0.82423 0.02741 0.56878 0.65186 0.53925 0.66775 0.93597 0.29287 0.34939 0.80509 0.66031
0.68957 0.60787 0.32344 0.27051 0.90610 0.45349 0.44854 0.87286 1.06580 0.27899 0.30221 0.36477 0.00000 0.82827 0.74421 0.38067 0.78931 0.82188 0.25395 0.83644 0.92407 0.54749 0.66856 0.79487 0.80727
0.90058 0.23274 0.99141 0.99304 0.56037 0.77006 0.64986 0.37547 0.88971 0.65072 0.74411 0.99920 0.82827 0.00000 0.26036 0.99079 0.88107 0.78790 0.58357 0.78921 0.41569 0.88928 1.03808 0.40595 0.73729
0.65355 0.19598 0.82668 0.84454 0.31942 0.55890 0.44324 0.16430 0.64053 0.65415 0.76083 0.82423 0.74421 0.26036 0.00000 0.81053 0.62384 0.52763 0.54258 0.52885 0.21929 0.66359 0.80339 0.15356 0.47695
0.41680 0.75968 0.07222 0.14392 0.83096 0.27524 0.37215 0.87995 0.86845 0.63216 0.67874 0.02741 0.38067 0.99079 0.81053 0.00000 0.54181 0.62607 0.54454 0.64196 0.91744 0.26606 0.32301 0.78718 0.63534
0.12754 0.71516 0.60583 0.66934 0.43371 0.33588 0.37318 0.58233 0.33342 0.91688 1.00860 0.56878 0.78931 0.88107 0.62384 0.54181 0.00000 0.12937 0.78128 0.14069 0.58891 0.27609 0.29302 0.50377 0.17314
0.23792 0.64508 0.68374 0.74125 0.30672 0.38210 0.37831 0.46562 0.24801 0.91091 1.00944 0.65186 0.82188 0.78790 0.52763 0.62607 0.12937 0.00000 0.77277 0.01590 0.46693 0.36406 0.41430 0.39428 0.05143
0.71414 0.37694 0.51081 0.48170 0.76919 0.47779 0.40818 0.69166 0.99554 0.13827 0.24126 0.53925 0.25395 0.58357 0.54258 0.54454 0.78128 0.77277 0.00000 0.78467 0.74648 0.60569 0.75561 0.62888 0.74354
0.25241 0.65043 0.69964 0.75710 0.29913 0.39764 0.39206 0.46199 0.23248 0.92287 1.02186 0.66775 0.83644 0.78921 0.52885 0.64196 0.14069 0.01590 0.78467 0.00000 0.46147 0.37982 0.42814 0.39292 0.05229
0.65920 0.41526 0.94820 0.97942 0.17044 0.64499 0.54862 0.05575 0.49360 0.86568 0.97322 0.93597 0.92407 0.41569 0.21929 0.91744 0.58891 0.46693 0.74648 0.46147 0.00000 0.71755 0.83101 0.13310 0.41754
0.15364 0.67715 0.32989 0.39461 0.60270 0.13410 0.24638 0.69037 0.60312 0.72868 0.80525 0.29287 0.54749 0.88928 0.66359 0.26606 0.27609 0.36406 0.60569 0.37982 0.71755 0.00000 0.15747 0.59773 0.37948
0.17851 0.83103 0.39518 0.46668 0.69681 0.29135 0.40265 0.81083 0.62091 0.87352 0.94357 0.34939 0.66856 1.03808 0.80339 0.32301 0.29302 0.41430 0.75561 0.42814 0.83101 0.15747 0.00000 0.72089 0.44633
0.55585 0.33268 0.81624 0.84655 0.16778 0.51677 0.41681 0.09347 0.48732 0.75393 0.86183 0.80509 0.79487 0.40595 0.15356 0.78718 0.50377 0.39428 0.62888 0.39292 0.13310 0.59773 0.72089 0.00000 0.34285
0.26789 0.59875 0.68948 0.74376 0.26062 0.37938 0.35955 0.41482 0.25880 0.88181 0.98224 0.66031 0.80727 0.73729 0.47695 0.63534 0.17314 0.05143 0.74354 0.05229 0.41754 0.37948 0.44633 0.34285 0.00000
