66 0
0.0 1.0 9.5524865872714 8.200609733428363 7.158910531638177 6.576473218982953 6.576473218982953 7.158910531638177 8.200609733428363 9.5524865872714 8.32165848854662 6.726812023536855 5.408326913195984 4.6097722286464435 4.6097722286464435 5.408326913195984 6.726812023536855 8.32165848854662 7.433034373659253 5.5901699437494745 3.905124837953327 2.692582403567252 2.692582403567252 3.905124837953327 5.5901699437494745 7.433034373659253 7.0178344238090995 5.024937810560445 3.0413812651491097 1.118033988749895 1.118033988749895 3.0413812651491097 5.024937810560445 7.0178344238090995 7.158910531638177 5.220153254455275 3.3541019662496847 1.8027756377319946 1.8027756377319946 3.3541019662496847 5.220153254455275 7.158910531638177 7.826237921249264 6.103277807866851 4.6097722286464435 3.640054944640259 3.640054944640259 4.6097722286464435 6.103277807866851 7.826237921249264 8.902246907382429 7.433034373659253 6.264982043070834 5.5901699437494745 5.5901699437494745 6.264982043070834 7.433034373659253 8.902246907382429 10.259142264341596 9.013878188659973 8.077747210701755 7.566372975210778 7.566372975210778 8.077747210701755 9.013878188659973 10.259142264341596
1.0 0.0 10.259142264341596 9.013878188659973 8.077747210701755 7.566372975210778 7.566372975210778 8.077747210701755 9.013878188659973 10.259142264341596 8.902246907382429 7.433034373659253 6.264982043070834 5.5901699437494745 5.5901699437494745 6.264982043070834 7.433034373659253 8.902246907382429 7.826237921249264 6.103277807866851 4.6097722286464435 3.640054944640259 3.640054944640259 4.6097722286464435 6.103277807866851 7.826237921249264 7.158910531638177 5.220153254455275 3.3541019662496847 1.8027756377319946 1.8027756377319946 3.3541019662496847 5.220153254455275 7.158910531638177 7.0178344238090995 5.024937810560445 3.0413812651491097 1.118033988749895 1.118033988749895 3.0413812651491097 5.024937810560445 7.0178344238090995 7.433034373659253 5.5901699437494745 3.905124837953327 2.692582403567252 2.692582403567252 3.905124837953327 5.5901699437494745 7.433034373659253 8.32165848854662 6.726812023536855 5.408326913195984 4.6097722286464435 4.6097722286464435 5.408326913195984 6.726812023536855 8.32165848854662 9.5524865872714 8.200609733428363 7.158910531638177 6.576473218982953 6.576473218982953 7.158910531638177 8.200609733428363 9.5524865872714
9.5524865872714 10.259142264341596 0.0 2.0 4.0 6.0 8.0 10.0 12.0 14.0 2.0 2.8284271247461903 4.47213595499958 6.324555320336759 8.246211251235321 10.198039027185569 12.165525060596439 14.142135623730951 4.0 4.47213595499958 5.656854249492381 7.211102550927978 8.94427190999916 10.770329614269007 12.649110640673518 14.560219778561036 6.0 6.324555320336759 7.211102550927978 8.48528137423857 10.0 11.661903789690601 13.416407864998739 15.231546211727817 8.0 8.246211251235321 8.94427190999916 10.0 11.313708498984761 12.806248474865697 14.422205101855956 16.1245154965971 10.0 10.198039027185569 10.770329614269007 11.661903789690601 12.806248474865697 14.142135623730951 15.620499351813308 17.204650534085253 12.0 12.165525060596439 12.649110640673518 13.416407864998739 14.422205101855956 15.620499351813308 16.97056274847714 18.439088914585774 14.0 14.142135623730951 14.560219778561036 15.231546211727817 16.1245154965971 17.204650534085253 18.439088914585774 19.79898987322333
8.200609733428363 9.013878188659973 2.0 0.0 2.0 4.0 6.0 8.0 10.0 12.0 2.8284271247461903 2.0 2.8284271247461903 4.47213595499958 6.324555320336759 8.246211251235321 10.198039027185569 12.165525060596439 4.47213595499958 4.0 4.47213595499958 5.656854249492381 7.211102550927978 8.94427190999916 10.770329614269007 12.649110640673518 6.324555320336759 6.0 6.324555320336759 7.211102550927978 8.48528137423857 10.0 11.661903789690601 13.416407864998739 8.246211251235321 8.0 8.246211251235321 8.94427190999916 10.0 11.313708498984761 12.806248474865697 14.422205101855956 10.198039027185569 10.0 10.198039027185569 10.770329614269007 11.661903789690601 12.806248474865697 14.142135623730951 15.620499351813308 12.165525060596439 12.0 12.165525060596439 12.649110640673518 13.416407864998739 14.422205101855956 15.620499351813308 16.97056274847714 14.142135623730951 14.0 14.142135623730951 14.560219778561036 15.231546211727817 16.1245154965971 17.204650534085253 18.439088914585774
7.158910531638177 8.077747210701755 4.0 2.0 0.0 2.0 4.0 6.0 8.0 10.0 4.47213595499958 2.8284271247461903 2.0 2.8284271247461903 4.47213595499958 6.324555320336759 8.246211251235321 10.198039027185569 5.656854249492381 4.47213595499958 4.0 4.47213595499958 5.656854249492381 7.211102550927978 8.94427190999916 10.770329614269007 7.211102550927978 6.324555320336759 6.0 6.324555320336759 7.211102550927978 8.48528137423857 10.0 11.661903789690601 8.94427190999916 8.246211251235321 8.0 8.246211251235321 8.94427190999916 10.0 11.313708498984761 12.806248474865697 10.770329614269007 10.198039027185569 10.0 10.198039027185569 10.770329614269007 11.661903789690601 12.806248474865697 14.142135623730951 12.649110640673518 12.165525060596439 12.0 12.165525060596439 12.649110640673518 13.416407864998739 14.422205101855956 15.620499351813308 14.560219778561036 14.142135623730951 14.0 14.142135623730951 14.560219778561036 15.231546211727817 16.1245154965971 17.204650534085253
6.576473218982953 7.566372975210778 6.0 4.0 2.0 0.0 2.0 4.0 6.0 8.0 6.324555320336759 4.47213595499958 2.8284271247461903 2.0 2.8284271247461903 4.47213595499958 6.324555320336759 8.246211251235321 7.211102550927978 5.656854249492381 4.47213595499958 4.0 4.47213595499958 5.656854249492381 7.211102550927978 8.94427190999916 8.48528137423857 7.211102550927978 6.324555320336759 6.0 6.324555320336759 7.211102550927978 8.48528137423857 10.0 10.0 8.94427190999916 8.246211251235321 8.0 8.246211251235321 8.94427190999916 10.0 11.313708498984761 11.661903789690601 10.770329614269007 10.198039027185569 10.0 10.198039027185569 10.770329614269007 11.661903789690601 12.806248474865697 13.416407864998739 12.649110640673518 12.165525060596439 12.0 12.165525060596439 12.649110640673518 13.416407864998739 14.422205101855956 15.231546211727817 14.560219778561036 14.142135623730951 14.0 14.142135623730951 14.560219778561036 15.231546211727817 16.1245154965971
6.576473218982953 7.566372975210778 8.0 6.0 4.0 2.0 0.0 2.0 4.0 6.0 8.246211251235321 6.324555320336759 4.47213595499958 2.8284271247461903 2.0 2.8284271247461903 4.47213595499958 6.324555320336759 8.94427190999916 7.211102550927978 5.656854249492381 4.47213595499958 4.0 4.47213595499958 5.656854249492381 7.211102550927978 10.0 8.48528137423857 7.211102550927978 6.324555320336759 6.0 6.324555320336759 7.211102550927978 8.48528137423857 11.313708498984761 10.0 8.94427190999916 8.246211251235321 8.0 8.246211251235321 8.94427190999916 10.0 12.806248474865697 11.661903789690601 10.770329614269007 10.198039027185569 10.0 10.198039027185569 10.770329614269007 11.661903789690601 14.422205101855956 13.416407864998739 12.649110640673518 12.165525060596439 12.0 12.165525060596439 12.649110640673518 13.416407864998739 16.1245154965971 15.231546211727817 14.560219778561036 14.142135623730951 14.0 14.142135623730951 14.560219778561036 15.231546211727817
7.158910531638177 8.077747210701755 10.0 8.0 6.0 4.0 2.0 0.0 2.0 4.0 10.198039027185569 8.246211251235321 6.324555320336759 4.47213595499958 2.8284271247461903 2.0 2.8284271247461903 4.47213595499958 10.770329614269007 8.94427190999916 7.211102550927978 5.656854249492381 4.47213595499958 4.0 4.47213595499958 5.656854249492381 11.661903789690601 10.0 8.48528137423857 7.211102550927978 6.324555320336759 6.0 6.324555320336759 7.211102550927978 12.806248474865697 11.313708498984761 10.0 8.94427190999916 8.246211251235321 8.0 8.246211251235321 8.94427190999916 14.142135623730951 12.806248474865697 11.661903789690601 10.770329614269007 10.198039027185569 10.0 10.198039027185569 10.770329614269007 15.620499351813308 14.422205101855956 13.416407864998739 12.649110640673518 12.165525060596439 12.0 12.165525060596439 12.649110640673518 17.204650534085253 16.1245154965971 15.231546211727817 14.560219778561036 14.142135623730951 14.0 14.142135623730951 14.560219778561036
8.200609733428363 9.013878188659973 12.0 10.0 8.0 6.0 4.0 2.0 0.0 2.0 12.165525060596439 10.198039027185569 8.246211251235321 6.324555320336759 4.47213595499958 2.8284271247461903 2.0 2.8284271247461903 12.649110640673518 10.770329614269007 8.94427190999916 7.211102550927978 5.656854249492381 4.47213595499958 4.0 4.47213595499958 13.416407864998739 11.661903789690601 10.0 8.48528137423857 7.211102550927978 6.324555320336759 6.0 6.324555320336759 14.422205101855956 12.806248474865697 11.313708498984761 10.0 8.94427190999916 8.246211251235321 8.0 8.246211251235321 15.620499351813308 14.142135623730951 12.806248474865697 11.661903789690601 10.770329614269007 10.198039027185569 10.0 10.198039027185569 16.97056274847714 15.620499351813308 14.422205101855956 13.416407864998739 12.649110640673518 12.165525060596439 12.0 12.165525060596439 18.439088914585774 17.204650534085253 16.1245154965971 15.231546211727817 14.560219778561036 14.142135623730951 14.0 14.142135623730951
9.5524865872714 10.259142264341596 14.0 12.0 10.0 8.0 6.0 4.0 2.0 0.0 14.142135623730951 12.165525060596439 10.198039027185569 8.246211251235321 6.324555320336759 4.47213595499958 2.8284271247461903 2.0 14.560219778561036 12.649110640673518 10.770329614269007 8.94427190999916 7.211102550927978 5.656854249492381 4.47213595499958 4.0 15.231546211727817 13.416407864998739 11.661903789690601 10.0 8.48528137423857 7.211102550927978 6.324555320336759 6.0 16.1245154965971 14.422205101855956 12.806248474865697 11.313708498984761 10.0 8.94427190999916 8.246211251235321 8.0 17.204650534085253 15.620499351813308 14.142135623730951 12.806248474865697 11.661903789690601 10.770329614269007 10.198039027185569 10.0 18.439088914585774 16.97056274847714 15.620499351813308 14.422205101855956 13.416407864998739 12.649110640673518 12.165525060596439 12.0 19.79898987322333 18.439088914585774 17.204650534085253 16.1245154965971 15.231546211727817 14.560219778561036 14.142135623730951 14.0
8.32165848854662 8.902246907382429 2.0 2.8284271247461903 4.47213595499958 6.324555320336759 8.246211251235321 10.198039027185569 12.165525060596439 14.142135623730951 0.0 2.0 4.0 6.0 8.0 10.0 12.0 14.0 2.0 2.8284271247461903 4.47213595499958 6.324555320336759 8.246211251235321 10.198039027185569 12.165525060596439 14.142135623730951 4.0 4.47213595499958 5.656854249492381 7.211102550927978 8.94427190999916 10.770329614269007 12.649110640673518 14.560219778561036 6.0 6.324555320336759 7.211102550927978 8.48528137423857 10.0 11.661903789690601 13.416407864998739 15.231546211727817 8.0 8.246211251235321 8.94427190999916 10.0 11.313708498984761 12.806248474865697 14.422205101855956 16.1245154965971 10.0 10.198039027185569 10.770329614269007 11.661903789690601 12.806248474865697 14.142135623730951 15.620499351813308 17.204650534085253 12.0 12.165525060596439 12.649110640673518 13.416407864998739 14.422205101855956 15.620499351813308 16.97056274847714 18.439088914585774
6.726812023536855 7.433034373659253 2.8284271247461903 2.0 2.8284271247461903 4.47213595499958 6.324555320336759 8.246211251235321 10.198039027185569 12.165525060596439 2.0 0.0 2.0 4.0 6.0 8.0 10.0 12.0 2.8284271247461903 2.0 2.8284271247461903 4.47213595499958 6.324555320336759 8.246211251235321 10.198039027185569 12.165525060596439 4.47213595499958 4.0 4.47213595499958 5.656854249492381 7.211102550927978 8.94427190999916 10.770329614269007 12.649110640673518 6.324555320336759 6.0 6.324555320336759 7.211102550927978 8.48528137423857 10.0 11.661903789690601 13.416407864998739 8.246211251235321 8.0 8.246211251235321 8.94427190999916 10.0 11.313708498984761 12.806248474865697 14.422205101855956 10.198039027185569 10.0 10.198039027185569 10.770329614269007 11.661903789690601 12.806248474865697 14.142135623730951 15.620499351813308 12.165525060596439 12.0 12.165525060596439 12.649110640673518 13.416407864998739 14.422205101855956 15.620499351813308 16.97056274847714
5.408326913195984 6.264982043070834 4.47213595499958 2.8284271247461903 2.0 2.8284271247461903 4.47213595499958 6.324555320336759 8.246211251235321 10.198039027185569 4.0 2.0 0.0 2.0 4.0 6.0 8.0 10.0 4.47213595499958 2.8284271247461903 2.0 2.8284271247461903 4.47213595499958 6.324555320336759 8.246211251235321 10.198039027185569 5.656854249492381 4.47213595499958 4.0 4.47213595499958 5.656854249492381 7.211102550927978 8.94427190999916 10.770329614269007 7.211102550927978 6.324555320336759 6.0 6.324555320336759 7.211102550927978 8.48528137423857 10.0 11.661903789690601 8.94427190999916 8.246211251235321 8.0 8.246211251235321 8.94427190999916 10.0 11.313708498984761 12.806248474865697 10.770329614269007 10.198039027185569 10.0 10.198039027185569 10.770329614269007 11.661903789690601 12.806248474865697 14.142135623730951 12.649110640673518 12.165525060596439 12.0 12.165525060596439 12.649110640673518 13.416407864998739 14.422205101855956 15.620499351813308
4.6097722286464435 5.5901699437494745 6.324555320336759 4.47213595499958 2.8284271247461903 2.0 2.8284271247461903 4.47213595499958 6.324555320336759 8.246211251235321 6.0 4.0 2.0 0.0 2.0 4.0 6.0 8.0 6.324555320336759 4.47213595499958 2.8284271247461903 2.0 2.8284271247461903 4.47213595499958 6.324555320336759 8.246211251235321 7.211102550927978 5.656854249492381 4.47213595499958 4.0 4.47213595499958 5.656854249492381 7.211102550927978 8.94427190999916 8.48528137423857 7.211102550927978 6.324555320336759 6.0 6.324555320336759 7.211102550927978 8.48528137423857 10.0 10.0 8.94427190999916 8.246211251235321 8.0 8.246211251235321 8.94427190999916 10.0 11.313708498984761 11.661903789690601 10.770329614269007 10.198039027185569 10.0 10.198039027185569 10.770329614269007 11.661903789690601 12.806248474865697 13.416407864998739 12.649110640673518 12.165525060596439 12.0 12.165525060596439 12.649110640673518 13.416407864998739 14.422205101855956
4.6097722286464435 5.5901699437494745 8.246211251235321 6.324555320336759 4.47213595499958 2.8284271247461903 2.0 2.8284271247461903 4.47213595499958 6.324555320336759 8.0 6.0 4.0 2.0 0.0 2.0 4.0 6.0 8.246211251235321 6.324555320336759 4.47213595499958 2.8284271247461903 2.0 2.8284271247461903 4.47213595499958 6.324555320336759 8.94427190999916 7.211102550927978 5.656854249492381 4.47213595499958 4.0 4.47213595499958 5.656854249492381 7.211102550927978 10.0 8.48528137423857 7.211102550927978 6.324555320336759 6.0 6.324555320336759 7.211102550927978 8.48528137423857 11.313708498984761 10.0 8.94427190999916 8.246211251235321 8.0 8.246211251235321 8.94427190999916 10.0 12.806248474865697 11.661903789690601 10.770329614269007 10.198039027185569 10.0 10.198039027185569 10.770329614269007 11.661903789690601 14.422205101855956 13.416407864998739 12.649110640673518 12.165525060596439 12.0 12.165525060596439 12.649110640673518 13.416407864998739
5.408326913195984 6.264982043070834 10.198039027185569 8.246211251235321 6.324555320336759 4.47213595499958 2.8284271247461903 2.0 2.8284271247461903 4.47213595499958 10.0 8.0 6.0 4.0 2.0 0.0 2.0 4.0 10.198039027185569 8.246211251235321 6.324555320336759 4.47213595499958 2.8284271247461903 2.0 2.8284271247461903 4.47213595499958 10.770329614269007 8.94427190999916 7.211102550927978 5.656854249492381 4.47213595499958 4.0 4.47213595499958 5.656854249492381 11.661903789690601 10.0 8.48528137423857 7.211102550927978 6.324555320336759 6.0 6.324555320336759 7.211102550927978 12.806248474865697 11.313708498984761 10.0 8.94427190999916 8.246211251235321 8.0 8.246211251235321 8.94427190999916 14.142135623730951 12.806248474865697 11.661903789690601 10.770329614269007 10.198039027185569 10.0 10.198039027185569 10.770329614269007 15.620499351813308 14.422205101855956 13.416407864998739 12.649110640673518 12.165525060596439 12.0 12.165525060596439 12.649110640673518
6.726812023536855 7.433034373659253 12.165525060596439 10.198039027185569 8.246211251235321 6.324555320336759 4.47213595499958 2.8284271247461903 2.0 2.8284271247461903 12.0 10.0 8.0 6.0 4.0 2.0 0.0 2.0 12.165525060596439 10.198039027185569 8.246211251235321 6.324555320336759 4.47213595499958 2.8284271247461903 2.0 2.8284271247461903 12.649110640673518 10.770329614269007 8.94427190999916 7.211102550927978 5.656854249492381 4.47213595499958 4.0 4.47213595499958 13.416407864998739 11.661903789690601 10.0 8.48528137423857 7.211102550927978 6.324555320336759 6.0 6.324555320336759 14.422205101855956 12.806248474865697 11.313708498984761 10.0 8.94427190999916 8.246211251235321 8.0 8.246211251235321 15.620499351813308 14.142135623730951 12.806248474865697 11.661903789690601 10.770329614269007 10.198039027185569 10.0 10.198039027185569 16.97056274847714 15.620499351813308 14.422205101855956 13.416407864998739 12.649110640673518 12.165525060596439 12.0 12.165525060596439
8.32165848854662 8.902246907382429 14.142135623730951 12.165525060596439 10.198039027185569 8.246211251235321 6.324555320336759 4.47213595499958 2.8284271247461903 2.0 14.0 12.0 10.0 8.0 6.0 4.0 2.0 0.0 14.142135623730951 12.165525060596439 10.198039027185569 8.246211251235321 6.324555320336759 4.47213595499958 2.8284271247461903 2.0 14.560219778561036 12.649110640673518 10.770329614269007 8.94427190999916 7.211102550927978 5.656854249492381 4.47213595499958 4.0 15.231546211727817 13.416407864998739 11.661903789690601 10.0 8.48528137423857 7.211102550927978 6.324555320336759 6.0 16.1245154965971 14.422205101855956 12.806248474865697 11.313708498984761 10.0 8.94427190999916 8.246211251235321 8.0 17.204650534085253 15.620499351813308 14.142135623730951 12.806248474865697 11.661903789690601 10.770329614269007 10.198039027185569 10.0 18.439088914585774 16.97056274847714 15.620499351813308 14.422205101855956 13.416407864998739 12.649110640673518 12.165525060596439 12.0
7.433034373659253 7.826237921249264 4.0 4.47213595499958 5.656854249492381 7.211102550927978 8.94427190999916 10.770329614269007 12.649110640673518 14.560219778561036 2.0 2.8284271247461903 4.47213595499958 6.324555320336759 8.246211251235321 10.198039027185569 12.165525060596439 14.142135623730951 0.0 2.0 4.0 6.0 8.0 10.0 12.0 14.0 2.0 2.8284271247461903 4.47213595499958 6.324555320336759 8.246211251235321 10.198039027185569 12.165525060596439 14.142135623730951 4.0 4.47213595499958 5.656854249492381 7.211102550927978 8.94427190999916 10.770329614269007 12.649110640673518 14.560219778561036 6.0 6.324555320336759 7.211102550927978 8.48528137423857 10.0 11.661903789690601 13.416407864998739 15.231546211727817 8.0 8.246211251235321 8.94427190999916 10.0 11.313708498984761 12.806248474865697 14.422205101855956 16.1245154965971 10.0 10.198039027185569 10.770329614269007 11.661903789690601 12.806248474865697 14.142135623730951 15.620499351813308 17.204650534085253
5.5901699437494745 6.103277807866851 4.47213595499958 4.0 4.47213595499958 5.656854249492381 7.211102550927978 8.94427190999916 10.770329614269007 12.649110640673518 2.8284271247461903 2.0 2.8284271247461903 4.47213595499958 6.324555320336759 8.246211251235321 10.198039027185569 12.165525060596439 2.0 0.0 2.0 4.0 6.0 8.0 10.0 12.0 2.8284271247461903 2.0 2.8284271247461903 4.47213595499958 6.324555320336759 8.246211251235321 10.198039027185569 12.165525060596439 4.47213595499958 4.0 4.47213595499958 5.656854249492381 7.211102550927978 8.94427190999916 10.770329614269007 12.649110640673518 6.324555320336759 6.0 6.324555320336759 7.211102550927978 8.48528137423857 10.0 11.661903789690601 13.416407864998739 8.246211251235321 8.0 8.246211251235321 8.94427190999916 10.0 11.313708498984761 12.806248474865697 14.422205101855956 10.198039027185569 10.0 10.198039027185569 10.770329614269007 11.661903789690601 12.806248474865697 14.142135623730951 15.620499351813308
3.905124837953327 4.6097722286464435 5.656854249492381 4.47213595499958 4.0 4.47213595499958 5.656854249492381 7.211102550927978 8.94427190999916 10.770329614269007 4.47213595499958 2.8284271247461903 2.0 2.8284271247461903 4.47213595499958 6.324555320336759 8.246211251235321 10.198039027185569 4.0 2.0 0.0 2.0 4.0 6.0 8.0 10.0 4.47213595499958 2.8284271247461903 2.0 2.8284271247461903 4.47213595499958 6.324555320336759 8.246211251235321 10.198039027185569 5.656854249492381 4.47213595499958 4.0 4.47213595499958 5.656854249492381 7.211102550927978 8.94427190999916 10.770329614269007 7.211102550927978 6.324555320336759 6.0 6.324555320336759 7.211102550927978 8.48528137423857 10.0 11.661903789690601 8.94427190999916 8.246211251235321 8.0 8.246211251235321 8.94427190999916 10.0 11.313708498984761 12.806248474865697 10.770329614269007 10.198039027185569 10.0 10.198039027185569 10.770329614269007 11.661903789690601 12.806248474865697 14.142135623730951
2.692582403567252 3.640054944640259 7.211102550927978 5.656854249492381 4.47213595499958 4.0 4.47213595499958 5.656854249492381 7.211102550927978 8.94427190999916 6.324555320336759 4.47213595499958 2.8284271247461903 2.0 2.8284271247461903 4.47213595499958 6.324555320336759 8.246211251235321 6.0 4.0 2.0 0.0 2.0 4.0 6.0 8.0 6.324555320336759 4.47213595499958 2.8284271247461903 2.0 2.8284271247461903 4.47213595499958 6.324555320336759 8.246211251235321 7.211102550927978 5.656854249492381 4.47213595499958 4.0 4.47213595499958 5.656854249492381 7.211102550927978 8.94427190999916 8.48528137423857 7.211102550927978 6.324555320336759 6.0 6.324555320336759 7.211102550927978 8.48528137423857 10.0 10.0 8.94427190999916 8.246211251235321 8.0 8.246211251235321 8.94427190999916 10.0 11.313708498984761 11.661903789690601 10.770329614269007 10.198039027185569 10.0 10.198039027185569 10.770329614269007 11.661903789690601 12.806248474865697
2.692582403567252 3.640054944640259 8.94427190999916 7.211102550927978 5.656854249492381 4.47213595499958 4.0 4.47213595499958 5.656854249492381 7.211102550927978 8.246211251235321 6.324555320336759 4.47213595499958 2.8284271247461903 2.0 2.8284271247461903 4.47213595499958 6.324555320336759 8.0 6.0 4.0 2.0 0.0 2.0 4.0 6.0 8.246211251235321 6.324555320336759 4.47213595499958 2.8284271247461903 2.0 2.8284271247461903 4.47213595499958 6.324555320336759 8.94427190999916 7.211102550927978 5.656854249492381 4.47213595499958 4.0 4.47213595499958 5.656854249492381 7.211102550927978 10.0 8.48528137423857 7.211102550927978 6.324555320336759 6.0 6.324555320336759 7.211102550927978 8.48528137423857 11.313708498984761 10.0 8.94427190999916 8.246211251235321 8.0 8.246211251235321 8.94427190999916 10.0 12.806248474865697 11.661903789690601 10.770329614269007 10.198039027185569 10.0 10.198039027185569 10.770329614269007 11.661903789690601
3.905124837953327 4.6097722286464435 10.770329614269007 8.94427190999916 7.211102550927978 5.656854249492381 4.47213595499958 4.0 4.47213595499958 5.656854249492381 10.198039027185569 8.246211251235321 6.324555320336759 4.47213595499958 2.8284271247461903 2.0 2.8284271247461903 4.47213595499958 10.0 8.0 6.0 4.0 2.0 0.0 2.0 4.0 10.198039027185569 8.246211251235321 6.324555320336759 4.47213595499958 2.8284271247461903 2.0 2.8284271247461903 4.47213595499958 10.770329614269007 8.94427190999916 7.211102550927978 5.656854249492381 4.47213595499958 4.0 4.47213595499958 5.656854249492381 11.661903789690601 10.0 8.48528137423857 7.211102550927978 6.324555320336759 6.0 6.324555320336759 7.211102550927978 12.806248474865697 11.313708498984761 10.0 8.94427190999916 8.246211251235321 8.0 8.246211251235321 8.94427190999916 14.142135623730951 12.806248474865697 11.661903789690601 10.770329614269007 10.198039027185569 10.0 10.198039027185569 10.770329614269007
5.5901699437494745 6.103277807866851 12.649110640673518 10.770329614269007 8.94427190999916 7.211102550927978 5.656854249492381 4.47213595499958 4.0 4.47213595499958 12.165525060596439 10.198039027185569 8.246211251235321 6.324555320336759 4.47213595499958 2.8284271247461903 2.0 2.8284271247461903 12.0 10.0 8.0 6.0 4.0 2.0 0.0 2.0 12.165525060596439 10.198039027185569 8.246211251235321 6.324555320336759 4.47213595499958 2.8284271247461903 2.0 2.8284271247461903 12.649110640673518 10.770329614269007 8.94427190999916 7.211102550927978 5.656854249492381 4.47213595499958 4.0 4.47213595499958 13.416407864998739 11.661903789690601 10.0 8.48528137423857 7.211102550927978 6.324555320336759 6.0 6.324555320336759 14.422205101855956 12.806248474865697 11.313708498984761 10.0 8.94427190999916 8.246211251235321 8.0 8.246211251235321 15.620499351813308 14.142135623730951 12.806248474865697 11.661903789690601 10.770329614269007 10.198039027185569 10.0 10.198039027185569
7.433034373659253 7.826237921249264 14.560219778561036 12.649110640673518 10.770329614269007 8.94427190999916 7.211102550927978 5.656854249492381 4.47213595499958 4.0 14.142135623730951 12.165525060596439 10.198039027185569 8.246211251235321 6.324555320336759 4.47213595499958 2.8284271247461903 2.0 14.0 12.0 10.0 8.0 6.0 4.0 2.0 0.0 14.142135623730951 12.165525060596439 10.198039027185569 8.246211251235321 6.324555320336759 4.47213595499958 2.8284271247461903 2.0 14.560219778561036 12.649110640673518 10.770329614269007 8.94427190999916 7.211102550927978 5.656854249492381 4.47213595499958 4.0 15.231546211727817 13.416407864998739 11.661903789690601 10.0 8.48528137423857 7.211102550927978 6.324555320336759 6.0 16.1245154965971 14.422205101855956 12.806248474865697 11.313708498984761 10.0 8.94427190999916 8.246211251235321 8.0 17.204650534085253 15.620499351813308 14.142135623730951 12.806248474865697 11.661903789690601 10.770329614269007 10.198039027185569 10.0
7.0178344238090995 7.158910531638177 6.0 6.324555320336759 7.211102550927978 8.48528137423857 10.0 11.661903789690601 13.416407864998739 15.231546211727817 4.0 4.47213595499958 5.656854249492381 7.211102550927978 8.94427190999916 10.770329614269007 12.649110640673518 14.560219778561036 2.0 2.8284271247461903 4.47213595499958 6.324555320336759 8.246211251235321 10.198039027185569 12.165525060596439 14.142135623730951 0.0 2.0 4.0 6.0 8.0 10.0 12.0 14.0 2.0 2.8284271247461903 4.47213595499958 6.324555320336759 8.246211251235321 10.198039027185569 12.165525060596439 14.142135623730951 4.0 4.47213595499958 5.656854249492381 7.211102550927978 8.94427190999916 10.770329614269007 12.649110640673518 14.560219778561036 6.0 6.324555320336759 7.211102550927978 8.48528137423857 10.0 11.661903789690601 13.416407864998739 15.231546211727817 8.0 8.246211251235321 8.94427190999916 10.0 11.313708498984761 12.806248474865697 14.422205101855956 16.1245154965971
5.024937810560445 5.220153254455275 6.324555320336759 6.0 6.324555320336759 7.211102550927978 8.48528137423857 10.0 11.661903789690601 13.416407864998739 4.47213595499958 4.0 4.47213595499958 5.656854249492381 7.211102550927978 8.94427190999916 10.770329614269007 12.649110640673518 2.8284271247461903 2.0 2.8284271247461903 4.47213595499958 6.324555320336759 8.246211251235321 10.198039027185569 12.165525060596439 2.0 0.0 2.0 4.0 6.0 8.0 10.0 12.0 2.8284271247461903 2.0 2.8284271247461903 4.47213595499958 6.324555320336759 8.246211251235321 10.198039027185569 12.165525060596439 4.47213595499958 4.0 4.47213595499958 5.656854249492381 7.211102550927978 8.94427190999916 10.770329614269007 12.649110640673518 6.324555320336759 6.0 6.324555320336759 7.211102550927978 8.48528137423857 10.0 11.661903789690601 13.416407864998739 8.246211251235321 8.0 8.246211251235321 8.94427190999916 10.0 11.313708498984761 12.806248474865697 14.422205101855956
3.0413812651491097 3.3541019662496847 7.211102550927978 6.324555320336759 6.0 6.324555320336759 7.211102550927978 8.48528137423857 10.0 11.661903789690601 5.656854249492381 4.47213595499958 4.0 4.47213595499958 5.656854249492381 7.211102550927978 8.94427190999916 10.770329614269007 4.47213595499958 2.8284271247461903 2.0 2.8284271247461903 4.47213595499958 6.324555320336759 8.246211251235321 10.198039027185569 4.0 2.0 0.0 2.0 4.0 6.0 8.0 10.0 4.47213595499958 2.8284271247461903 2.0 2.8284271247461903 4.47213595499958 6.324555320336759 8.246211251235321 10.198039027185569 5.656854249492381 4.47213595499958 4.0 4.47213595499958 5.656854249492381 7.211102550927978 8.94427190999916 10.770329614269007 7.211102550927978 6.324555320336759 6.0 6.324555320336759 7.211102550927978 8.48528137423857 10.0 11.661903789690601 8.94427190999916 8.246211251235321 8.0 8.246211251235321 8.94427190999916 10.0 11.313708498984761 12.806248474865697
1.118033988749895 1.8027756377319946 8.48528137423857 7.211102550927978 6.324555320336759 6.0 6.324555320336759 7.211102550927978 8.48528137423857 10.0 7.211102550927978 5.656854249492381 4.47213595499958 4.0 4.47213595499958 5.656854249492381 7.211102550927978 8.94427190999916 6.324555320336759 4.47213595499958 2.8284271247461903 2.0 2.8284271247461903 4.47213595499958 6.324555320336759 8.246211251235321 6.0 4.0 2.0 0.0 2.0 4.0 6.0 8.0 6.324555320336759 4.47213595499958 2.8284271247461903 2.0 2.8284271247461903 4.47213595499958 6.324555320336759 8.246211251235321 7.211102550927978 5.656854249492381 4.47213595499958 4.0 4.47213595499958 5.656854249492381 7.211102550927978 8.94427190999916 8.48528137423857 7.211102550927978 6.324555320336759 6.0 6.324555320336759 7.211102550927978 8.48528137423857 10.0 10.0 8.94427190999916 8.246211251235321 8.0 8.246211251235321 8.94427190999916 10.0 11.313708498984761
1.118033988749895 1.8027756377319946 10.0 8.48528137423857 7.211102550927978 6.324555320336759 6.0 6.324555320336759 7.211102550927978 8.48528137423857 8.94427190999916 7.211102550927978 5.656854249492381 4.47213595499958 4.0 4.47213595499958 5.656854249492381 7.211102550927978 8.246211251235321 6.324555320336759 4.47213595499958 2.8284271247461903 2.0 2.8284271247461903 4.47213595499958 6.324555320336759 8.0 6.0 4.0 2.0 0.0 2.0 4.0 6.0 8.246211251235321 6.324555320336759 4.47213595499958 2.8284271247461903 2.0 2.8284271247461903 4.47213595499958 6.324555320336759 8.94427190999916 7.211102550927978 5.656854249492381 4.47213595499958 4.0 4.47213595499958 5.656854249492381 7.211102550927978 10.0 8.48528137423857 7.211102550927978 6.324555320336759 6.0 6.324555320336759 7.211102550927978 8.48528137423857 11.313708498984761 10.0 8.94427190999916 8.246211251235321 8.0 8.246211251235321 8.94427190999916 10.0
3.0413812651491097 3.3541019662496847 11.661903789690601 10.0 8.48528137423857 7.211102550927978 6.324555320336759 6.0 6.324555320336759 7.211102550927978 10.770329614269007 8.94427190999916 7.211102550927978 5.656854249492381 4.47213595499958 4.0 4.47213595499958 5.656854249492381 10.198039027185569 8.246211251235321 6.324555320336759 4.47213595499958 2.8284271247461903 2.0 2.8284271247461903 4.47213595499958 10.0 8.0 6.0 4.0 2.0 0.0 2.0 4.0 10.198039027185569 8.246211251235321 6.324555320336759 4.47213595499958 2.8284271247461903 2.0 2.8284271247461903 4.47213595499958 10.770329614269007 8.94427190999916 7.211102550927978 5.656854249492381 4.47213595499958 4.0 4.47213595499958 5.656854249492381 11.661903789690601 10.0 8.48528137423857 7.211102550927978 6.324555320336759 6.0 6.324555320336759 7.211102550927978 12.806248474865697 11.313708498984761 10.0 8.94427190999916 8.246211251235321 8.0 8.246211251235321 8.94427190999916
5.024937810560445 5.220153254455275 13.416407864998739 11.661903789690601 10.0 8.48528137423857 7.211102550927978 6.324555320336759 6.0 6.324555320336759 12.649110640673518 10.770329614269007 8.94427190999916 7.211102550927978 5.656854249492381 4.47213595499958 4.0 4.47213595499958 12.165525060596439 10.198039027185569 8.246211251235321 6.324555320336759 4.47213595499958 2.8284271247461903 2.0 2.8284271247461903 12.0 10.0 8.0 6.0 4.0 2.0 0.0 2.0 12.165525060596439 10.198039027185569 8.246211251235321 6.324555320336759 4.47213595499958 2.8284271247461903 2.0 2.8284271247461903 12.649110640673518 10.770329614269007 8.94427190999916 7.211102550927978 5.656854249492381 4.47213595499958 4.0 4.47213595499958 13.416407864998739 11.661903789690601 10.0 8.48528137423857 7.211102550927978 6.324555320336759 6.0 6.324555320336759 14.422205101855956 12.806248474865697 11.313708498984761 10.0 8.94427190999916 8.246211251235321 8.0 8.246211251235321
7.0178344238090995 7.158910531638177 15.231546211727817 13.416407864998739 11.661903789690601 10.0 8.48528137423857 7.211102550927978 6.324555320336759 6.0 14.560219778561036 12.649110640673518 10.770329614269007 8.94427190999916 7.211102550927978 5.656854249492381 4.47213595499958 4.0 14.142135623730951 12.165525060596439 10.198039027185569 8.246211251235321 6.324555320336759 4.47213595499958 2.8284271247461903 2.0 14.0 12.0 10.0 8.0 6.0 4.0 2.0 0.0 14.142135623730951 12.165525060596439 10.198039027185569 8.246211251235321 6.324555320336759 4.47213595499958 2.8284271247461903 2.0 14.560219778561036 12.649110640673518 10.770329614269007 8.94427190999916 7.211102550927978 5.656854249492381 4.47213595499958 4.0 15.231546211727817 13.416407864998739 11.661903789690601 10.0 8.48528137423857 7.211102550927978 6.324555320336759 6.0 16.1245154965971 14.422205101855956 12.806248474865697 11.313708498984761 10.0 8.94427190999916 8.246211251235321 8.0
7.158910531638177 7.0178344238090995 8.0 8.246211251235321 8.94427190999916 10.0 11.313708498984761 12.806248474865697 14.422205101855956 16.1245154965971 6.0 6.324555320336759 7.211102550927978 8.48528137423857 10.0 11.661903789690601 13.416407864998739 15.231546211727817 4.0 4.47213595499958 5.656854249492381 7.211102550927978 8.94427190999916 10.770329614269007 12.649110640673518 14.560219778561036 2.0 2.8284271247461903 4.47213595499958 6.324555320336759 8.246211251235321 10.198039027185569 12.165525060596439 14.142135623730951 0.0 2.0 4.0 6.0 8.0 10.0 12.0 14.0 2.0 2.8284271247461903 4.47213595499958 6.324555320336759 8.246211251235321 10.198039027185569 12.165525060596439 14.142135623730951 4.0 4.47213595499958 5.656854249492381 7.211102550927978 8.94427190999916 10.770329614269007 12.649110640673518 14.560219778561036 6.0 6.324555320336759 7.211102550927978 8.48528137423857 10.0 11.661903789690601 13.416407864998739 15.231546211727817
5.220153254455275 5.024937810560445 8.246211251235321 8.0 8.246211251235321 8.94427190999916 10.0 11.313708498984761 12.806248474865697 14.422205101855956 6.324555320336759 6.0 6.324555320336759 7.211102550927978 8.48528137423857 10.0 11.661903789690601 13.416407864998739 4.47213595499958 4.0 4.47213595499958 5.656854249492381 7.211102550927978 8.94427190999916 10.770329614269007 12.649110640673518 2.8284271247461903 2.0 2.8284271247461903 4.47213595499958 6.324555320336759 8.246211251235321 10.198039027185569 12.165525060596439 2.0 0.0 2.0 4.0 6.0 8.0 10.0 12.0 2.8284271247461903 2.0 2.8284271247461903 4.47213595499958 6.324555320336759 8.246211251235321 10.198039027185569 12.165525060596439 4.47213595499958 4.0 4.47213595499958 5.656854249492381 7.211102550927978 8.94427190999916 10.770329614269007 12.649110640673518 6.324555320336759 6.0 6.324555320336759 7.211102550927978 8.48528137423857 10.0 11.661903789690601 13.416407864998739
3.3541019662496847 3.0413812651491097 8.94427190999916 8.246211251235321 8.0 8.246211251235321 8.94427190999916 10.0 11.313708498984761 12.806248474865697 7.211102550927978 6.324555320336759 6.0 6.324555320336759 7.211102550927978 8.48528137423857 10.0 11.661903789690601 5.656854249492381 4.47213595499958 4.0 4.47213595499958 5.656854249492381 7.211102550927978 8.94427190999916 10.770329614269007 4.47213595499958 2.8284271247461903 2.0 2.8284271247461903 4.47213595499958 6.324555320336759 8.246211251235321 10.198039027185569 4.0 2.0 0.0 2.0 4.0 6.0 8.0 10.0 4.47213595499958 2.8284271247461903 2.0 2.8284271247461903 4.47213595499958 6.324555320336759 8.246211251235321 10.198039027185569 5.656854249492381 4.47213595499958 4.0 4.47213595499958 5.656854249492381 7.211102550927978 8.94427190999916 10.770329614269007 7.211102550927978 6.324555320336759 6.0 6.324555320336759 7.211102550927978 8.48528137423857 10.0 11.661903789690601
1.8027756377319946 1.118033988749895 10.0 8.94427190999916 8.246211251235321 8.0 8.246211251235321 8.94427190999916 10.0 11.313708498984761 8.48528137423857 7.211102550927978 6.324555320336759 6.0 6.324555320336759 7.211102550927978 8.48528137423857 10.0 7.211102550927978 5.656854249492381 4.47213595499958 4.0 4.47213595499958 5.656854249492381 7.211102550927978 8.94427190999916 6.324555320336759 4.47213595499958 2.8284271247461903 2.0 2.8284271247461903 4.47213595499958 6.324555320336759 8.246211251235321 6.0 4.0 2.0 0.0 2.0 4.0 6.0 8.0 6.324555320336759 4.47213595499958 2.8284271247461903 2.0 2.8284271247461903 4.47213595499958 6.324555320336759 8.246211251235321 7.211102550927978 5.656854249492381 4.47213595499958 4.0 4.47213595499958 5.656854249492381 7.211102550927978 8.94427190999916 8.48528137423857 7.211102550927978 6.324555320336759 6.0 6.324555320336759 7.211102550927978 8.48528137423857 10.0
1.8027756377319946 1.118033988749895 11.313708498984761 10.0 8.94427190999916 8.246211251235321 8.0 8.246211251235321 8.94427190999916 10.0 10.0 8.48528137423857 7.211102550927978 6.324555320336759 6.0 6.324555320336759 7.211102550927978 8.48528137423857 8.94427190999916 7.211102550927978 5.656854249492381 4.47213595499958 4.0 4.47213595499958 5.656854249492381 7.211102550927978 8.246211251235321 6.324555320336759 4.47213595499958 2.8284271247461903 2.0 2.8284271247461903 4.47213595499958 6.324555320336759 8.0 6.0 4.0 2.0 0.0 2.0 4.0 6.0 8.246211251235321 6.324555320336759 4.47213595499958 2.8284271247461903 2.0 2.8284271247461903 4.47213595499958 6.324555320336759 8.94427190999916 7.211102550927978 5.656854249492381 4.47213595499958 4.0 4.47213595499958 5.656854249492381 7.211102550927978 10.0 8.48528137423857 7.211102550927978 6.324555320336759 6.0 6.324555320336759 7.211102550927978 8.48528137423857
3.3541019662496847 3.0413812651491097 12.806248474865697 11.313708498984761 10.0 8.94427190999916 8.246211251235321 8.0 8.246211251235321 8.94427190999916 11.661903789690601 10.0 8.48528137423857 7.211102550927978 6.324555320336759 6.0 6.324555320336759 7.211102550927978 10.770329614269007 8.94427190999916 7.211102550927978 5.656854249492381 4.47213595499958 4.0 4.47213595499958 5.656854249492381 10.198039027185569 8.246211251235321 6.324555320336759 4.47213595499958 2.8284271247461903 2.0 2.8284271247461903 4.47213595499958 10.0 8.0 6.0 4.0 2.0 0.0 2.0 4.0 10.198039027185569 8.246211251235321 6.324555320336759 4.47213595499958 2.8284271247461903 2.0 2.8284271247461903 4.47213595499958 10.770329614269007 8.94427190999916 7.211102550927978 5.656854249492381 4.47213595499958 4.0 4.47213595499958 5.656854249492381 11.661903789690601 10.0 8.48528137423857 7.211102550927978 6.324555320336759 6.0 6.324555320336759 7.211102550927978
5.220153254455275 5.024937810560445 14.422205101855956 12.806248474865697 11.313708498984761 10.0 8.94427190999916 8.246211251235321 8.0 8.246211251235321 13.416407864998739 11.661903789690601 10.0 8.48528137423857 7.211102550927978 6.324555320336759 6.0 6.324555320336759 12.649110640673518 10.770329614269007 8.94427190999916 7.211102550927978 5.656854249492381 4.47213595499958 4.0 4.47213595499958 12.165525060596439 10.198039027185569 8.246211251235321 6.324555320336759 4.47213595499958 2.8284271247461903 2.0 2.8284271247461903 12.0 10.0 8.0 6.0 4.0 2.0 0.0 2.0 12.165525060596439 10.198039027185569 8.246211251235321 6.324555320336759 4.47213595499958 2.8284271247461903 2.0 2.8284271247461903 12.649110640673518 10.770329614269007 8.94427190999916 7.211102550927978 5.656854249492381 4.47213595499958 4.0 4.47213595499958 13.416407864998739 11.661903789690601 10.0 8.48528137423857 7.211102550927978 6.324555320336759 6.0 6.324555320336759
