48 0
0 815 982 480 1321 443 1243 1123 993 831 1014 378 560 168 132 655 773 1382 1075 1323 638 336 685 286 860 1222 1296 1149 611 1185 1035 458 722 368 1355 1038 1308 976 306 624 723 793 1244 1053 1363 819 406 423
815 0 1495 381 2012 1156 990 763 178 146 1788 541 507 749 696 408 317 1212 714 1081 717 935 228 537 1669 1921 1096 839 1146 985 497 1249 553 677 2136 753 1045 325 1116 261 692 1524 1103 616 2161 488 752 1184
982 1495 0 1134 636 582 2206 2055 1640 1590 736 1312 1493 1149 988 1551 1243 2360 2004 2290 1614 1278 1272 1163 905 585 2268 2096 380 2154 1898 1090 1661 840 987 1984 2271 1778 975 1443 871 503 2222 1956 1098 1727 1388 660
480 381 1134 0 1632 777 1163 971 551 457 1411 374 481 473 349 475 300 1359 918 1254 686 699 206 262 1308 1541 1250 1029 773 1132 772 936 621 300 1759 922 1226 643 785 325 441 1144 1230 849 1790 640 590 810
1321 2012 636 1632 0 885 2550 2443 2175 2081 443 1697 1880 1480 1384 1968 1805 2662 2396 2623 1940 1518 1805 1575 734 101 2589 2467 878 2485 2343 1190 2043 1335 451 2356 2613 2255 1160 1901 1466 532 2526 2372 593 2137 1695 899
443 1156 582 777 885 0 1685 1564 1328 1209 636 814 998 608 499 1084 1005 1818 1516 1764 1078 703 970 691 588 787 1735 1592 282 1626 1458 528 1163 503 984 1480 1750 1376 396 1020 767 369 1680 1488 1025 1253 838 96
1243 990 2206 1163 2550 1685 0 235 1015 844 2191 895 716 1077 1218 689 1289 230 278 93 610 1046 1161 1048 1960 2449 115 152 1826 82 524 1427 552 1401 2501 243 65 703 1402 848 1598 2019 174 387 2468 528 855 1654
1123 763 2055 971 2443 1564 235 0 780 617 2110 753 567 965 1077 507 1069 464 53 322 531 983 946 894 1900 2344 349 84 1676 259 289 1375 401 1230 2434 105 284 469 1323 648 1396 1913 385 152 2414 333 769 1544
993 178 1640 551 2175 1328 1015 780 0 227 1961 708 648 923 873 533 412 1243 737 1103 844 1102 371 714 1846 2086 1127 862 1303 1024 493 1425 658 841 2310 794 1064 311 1294 417 804 1694 1148 628 2337 564 910 1358
831 146 1590 457 2081 1209 844 617 227 0 1830 506 425 737 724 307 459 1067 568 935 617 896 352 545 1690 1987 951 693 1230 841 355 1239 434 756 2177 609 899 193 1120 213 819 1579 961 470 2192 352 694 1226
1014 1788 736 1411 443 636 2191 2110 1961 1830 0 1389 1564 1154 1107 1668 1639 2282 2066 2258 1588 1145 1605 1293 291 358 2218 2123 770 2121 2048 783 1718 1138 348 2016 2252 1987 790 1632 1365 296 2149 2058 401 1825 1344 605
378 541 1312 374 1697 814 895 753 708 506 1389 0 185 242 325 279 645 1060 703 980 331 394 514 159 1214 1598 962 787 931 846 660 737 352 522 1726 674 960 619 631 294 795 1170 924 676 1726 441 225 801
560 507 1493 481 1880 998 716 567 648 425 1564 185 0 411 510 128 698 893 518 804 219 501 559 332 1378 1781 790 603 1113 673 493 878 168 686 1898 491 782 486 792 250 921 1352 760 494 1892 261 282 983
168 749 1149 473 1480 608 1077 965 923 737 1154 242 411 0 204 519 773 1214 918 1156 470 231 663 220 973 1380 1128 987 776 1018 899 503 566 468 1488 877 1141 860 390 523 806 949 1076 904 1485 672 239 580
132 696 988 349 1384 499 1218 1077 873 724 1107 325 510 204 0 586 640 1375 1027 1302 631 424 554 191 973 1287 1281 1112 608 1167 959 590 677 265 1452 1000 1284 882 436 526 611 865 1238 992 1469 757 427 503
655 408 1551 475 1968 1084 689 507 533 307 1668 279 128 519 586 0 641 886 455 780 312 628 503 396 1491 1870 776 558 1173 658 381 1000 157 723 2005 449 752 358 907 175 912 1445 760 407 2004 175 410 1077
773 317 1243 300 1805 1005 1289 1069 412 459 1639 645 698 773 640 641 0 1505 1018 1381 917 996 139 558 1568 1721 1390 1141 927 1276 813 1230 798 503 1985 1048 1347 643 1075 466 392 1356 1388 926 2030 768 869 1055
1382 1212 2360 1359 2662 1818 230 464 1243 1067 2282 1060 893 1214 1375 886 1505 0 506 151 746 1144 1374 1218 2034 2561 117 381 1982 230 754 1503 738 1578 2577 459 192 932 1503 1053 1798 2133 138 616 2531 738 980 1777
1075 714 2004 918 2396 1516 278 53 737 568 2066 703 518 918 1027 455 1018 506 0 368 494 945 895 843 1860 2297 390 126 1625 292 251 1337 353 1178 2392 90 332 426 1281 595 1343 1867 418 112 2374 280 728 1497
1323 1081 2290 1254 2623 1764 93 322 1103 935 2258 980 804 1156 1302 780 1381 151 368 0 686 1113 1254 1135 2021 2522 64 242 1910 138 611 1488 641 1489 2563 335 42 791 1471 940 1690 2092 153 475 2526 620 929 1729
638 717 1614 686 1940 1078 610 531 844 617 1588 331 219 470 631 312 917 746 494 686 0 452 778 489 1370 1839 657 536 1236 548 573 843 207 852 1907 432 674 629 798 466 1120 1409 608 519 1883 338 246 1044
336 935 1278 699 1518 703 1046 983 1102 896 1145 394 501 231 424 628 996 1144 945 1113 452 0 879 438 918 1417 1074 986 924 976 985 392 618 688 1457 884 1107 986 359 687 1033 991 1008 958 1431 744 225 646
685 228 1272 206 1805 970 1161 946 371 352 1605 514 559 663 554 503 139 1374 895 1254 778 879 0 443 1512 1716 1260 1016 931 1144 703 1139 660 473 1954 919 1221 543 990 329 468 1331 1255 807 1989 636 738 1008
286 537 1163 262 1575 691 1048 894 714 545 1293 159 332 220 191 396 558 1218 843 1135 489 438 443 0 1145 1478 1118 934 782 1002 767 713 499 363 1637 822 1113 694 580 339 649 1056 1082 803 1648 570 340 692
860 1669 905 1308 734 588 1960 1900 1846 1690 291 1214 1378 973 973 1491 1568 2034 1860 2021 1370 918 1512 1145 0 646 1978 1905 812 1886 1870 533 1520 1070 543 1802 2019 1830 585 1482 1355 402 1904 1863 515 1637 1132 518
1222 1921 585 1541 101 787 2449 2344 2086 1987 358 1598 1781 1380 1287 1870 1721 2561 2297 2522 1839 1417 1716 1478 646 0 2487 2366 795 2384 2245 1090 1943 1245 435 2256 2512 2160 1059 1805 1390 431 2424 2274 568 2038 1594 799
1296 1096 2268 1250 2589 1735 115 349 1127 951 2218 962 790 1128 1281 776 1390 117 390 64 657 1074 1260 1118 1978 2487 0 265 1889 118 638 1445 631 1476 2520 343 96 816 1433 941 1688 2058 91 500 2480 624 897 1698
1149 839 2096 1029 2467 1592 152 84 862 693 2123 787 603 987 1112 558 1141 381 126 242 536 986 1016 934 1905 2366 265 0 1716 176 373 1375 435 1279 2442 113 206 551 1334 709 1459 1935 302 235 2417 389 779 1567
611 1146 380 773 878 282 1826 1676 1303 1230 770 931 1113 776 608 1173 927 1982 1625 1910 1236 924 931 782 812 795 1889 1716 0 1775 1525 806 1281 474 1099 1603 1891 1414 663 1071 604 474 1844 1579 1171 1348 1014 378
1185 985 2154 1132 2485 1626 82 259 1024 841 2121 846 673 1018 1167 658 1276 230 292 138 548 976 1144 1002 1886 2384 118 176 1775 0 543 1353 513 1359 2428 232 133 715 1333 824 1570 1954 126 404 2393 509 791 1591
1035 497 1898 772 2343 1458 524 289 493 355 2048 660 493 899 959 381 813 754 251 611 573 985 703 767 1870 2245 638 373 1525 543 0 1369 373 1058 2386 323 571 183 1284 455 1168 1822 669 139 2383 241 760 1456
458 1249 1090 936 1190 528 1427 1375 1425 1239 783 737 878 503 590 1000 1230 1503 1337 1488 843 392 1139 713 533 1090 1445 1375 806 1353 1369 0 1007 794 1076 1275 1486 1354 168 1026 1142 691 1372 1349 1042 1131 614 437
722 553 1661 621 2043 1163 552 401 658 434 1718 352 168 566 677 157 798 738 353 641 207 618 660 499 1520 1943 631 435 1281 513 373 1007 0 849 2047 323 617 424 937 332 1062 1514 609 343 2035 133 393 1144
368 677 840 300 1335 503 1401 1230 841 756 1138 522 686 468 265 723 503 1578 1178 1489 852 688 473 363 1070 1245 1476 1279 474 1359 1058 794 849 0 1485 1168 1466 940 626 604 355 859 1444 1122 1527 898 677 554
1355 2136 987 1759 451 984 2501 2434 2310 2177 348 1726 1898 1488 1452 2005 1985 2577 2392 2563 1907 1457 1954 1637 543 435 2520 2442 1099 2428 2386 1076 2047 1485 0 2338 2560 2330 1111 1976 1701 633 2447 2389 146 2159 1665 953
1038 753 1984 922 2356 1480 243 105 794 609 2016 674 491 877 1000 449 1048 459 90 335 432 884 919 822 1802 2256 343 113 1603 232 323 1275 323 1168 2338 0 305 488 1228 605 1355 1825 354 190 2315 285 673 1457
1308 1045 2271 1226 2613 1750 65 284 1064 899 2252 960 782 1141 1284 752 1347 192 332 42 674 1107 1221 1113 2019 2512 96 206 1891 133 571 1486 617 1466 2560 305 0 753 1464 910 1660 2082 180 436 2525 590 918 1717
976 325 1778 643 2255 1376 703 469 311 193 1987 619 486 860 882 358 643 932 426 791 629 986 543 694 1830 2160 816 551 1414 715 183 1354 424 940 2330 488 753 0 1250 356 1011 1745 840 317 2338 301 768 1385
306 1116 975 785 1160 396 1402 1323 1294 1120 790 631 792 390 436 907 1075 1503 1281 1471 798 359 990 580 585 1059 1433 1334 663 1333 1284 168 937 626 1111 1228 1464 1250 0 908 974 636 1367 1279 1100 1052 555 316
624 261 1443 325 1901 1020 848 648 417 213 1632 294 250 523 526 175 466 1053 595 940 466 687 329 339 1482 1805 941 709 1071 824 455 1026 332 604 1976 605 910 356 908 0 751 1389 930 525 1987 320 494 1029
723 692 871 441 1466 767 1598 1396 804 819 1365 795 921 806 611 912 392 1798 1343 1690 1120 1033 468 649 1355 1390 1688 1459 604 1570 1168 1142 1062 355 1701 1355 1660 1011 974 751 0 1071 1671 1264 1766 1070 988 842
793 1524 503 1144 532 369 2019 1913 1694 1579 296 1170 1352 949 865 1445 1356 2133 1867 2092 1409 991 1331 1056 402 431 2058 1935 474 1954 1822 691 1514 859 633 1825 2082 1745 636 1389 1071 0 1997 1846 697 1611 1164 369
1244 1103 2222 1230 2526 1680 174 385 1148 961 2149 924 760 1076 1238 760 1388 138 418 153 608 1008 1255 1082 1904 2424 91 302 1844 126 669 1372 609 1444 2447 354 180 840 1367 930 1671 1997 0 530 2404 621 842 1639
1053 616 1956 849 2372 1488 387 152 628 470 2058 676 494 904 992 407 926 616 112 475 519 958 807 803 1863 2274 500 235 1579 404 139 1349 343 1122 2389 190 436 317 1279 525 1264 1846 530 0 2378 235 735 1477
1363 2161 1098 1790 593 1025 2468 2414 2337 2192 401 1726 1892 1485 1469 2004 2030 2531 2374 2526 1883 1431 1989 1648 515 568 2480 2417 1171 2393 2383 1042 2035 1527 146 2315 2525 2338 1100 1987 1766 697 2404 2378 0 2152 1647 981
819 488 1727 640 2137 1253 528 333 564 352 1825 441 261 672 757 175 768 738 280 620 338 744 636 570 1637 2038 624 389 1348 509 241 1131 133 898 2159 285 590 301 1052 320 1070 1611 621 235 2152 0 520 1242
406 752 1388 590 1695 838 855 769 910 694 1344 225 282 239 427 410 869 980 728 929 246 225 738 340 1132 1594 897 779 1014 791 760 614 393 677 1665 673 918 768 555 494 988 1164 842 735 1647 520 0 800
423 1184 660 810 899 96 1654 1544 1358 1226 605 801 983 580 503 1077 1055 1777 1497 1729 1044 646 1008 692 518 799 1698 1567 378 1591 1456 437 1144 554 953 1457 1717 1385 316 1029 842 369 1639 1477 981 1242 800 0
0.0 1.0 1.0 1.0 1.0 1.0 1.0 1.0 1.0 1.0 1.0 1.0 1.0 1.0 1.0 1.0 1.0 1.0 1.0 1.0 1.0 1.0 1.0 1.0 1.0 1.0 1.0 1.0 1.0 1.0 1.0 1.0 1.0 1.0 1.0 1.0 1.0 1.0 1.0 1.0 1.0 1.0 1.0 1.0 1.0 1.0 1.0 1.0
