151 0
0 15.231546211727817 18.0 22.360679774997898 25.0 20.615528128088304 11.180339887498949 21.213203435596427 26.248809496813376 32.01562118716424 25.495097567963924 33.54101966249684 15.0 11.180339887498949 32.01562118716424 30.4138126514911 29.154759474226502 30.4138126514911 15.811388300841896 32.01562118716424 31.622776601683793 18.027756377319946 26.92582403567252 36.05551275463989 30.0 33.54101966249684 11.180339887498949 5.0 6.324555320336759 29.832867780352597 25.495097567963924 17.46424919657298 34.0 24.758836806279895 36.05551275463989 41.036569057366385 41.400483088968905 21.213203435596427 42.42640687119285 33.97057550292606 11.180339887498949 28.861739379323623 25.495097567963924 34.17601498127012 31.89043743820395 29.154759474226502 35.4682957019364 34.20526275297414 27.80287754891569 43.93176527297759 16.97056274847714 26.92582403567252 11.313708498984761 4.47213595499958 22.80350850198276 30.463092423455635 29.206163733020468 23.194827009486403 9.055385138137417 17.804493814764857 18.027756377319946 25.495097567963924 25.495097567963924 34.92849839314596 46.51881339845203 49.92995093127971 40.496913462633174 43.86342439892262 21.37755832643195 12.165525060596439 21.095023109728988 39.66106403010388 22.47220505424423 20.12461179749811 24.596747752497688 27.784887978899608 15.652475842498529 19.697715603592208 31.064449134018133 25.553864678361276 21.095023109728988 27.586228448267445 23.323807579381203 21.095023109728988 24.331050121192877 23.021728866442675 35.35533905932738 18.384776310850235 19.235384061671343 9.0 32.2490309931942 25.612496949731394 18.384776310850235 20.248456731316587 12.041594578792296 14.866068747318506 15.264337522473747 17.204650534085253 21.2602916254693 17.4928556845359 24.041630560342615 17.11724276862369 19.79898987322333 33.61547262794322 17.4928556845359 7.0710678118654755 18.439088914585774 33.28663395418648 27.294688127912362 17.11724276862369 21.2602916254693 9.219544457292887 5.0 31.622776601683793 24.041630560342615 19.026297590440446 18.027756377319946 14.422205101855956 18.110770276274835 31.11269837220809 31.827660925679098 27.892651361962706 23.08679276123039 29.068883707497267 31.906112267087632 28.160255680657446 33.95585369269929 13.92838827718412 32.984845004941285 26.419689627245813 24.351591323771842 34.058772731852805 11.40175425099138 27.313000567495326 26.076809620810597 38.897300677553446 44.04543109109048 13.341664064126334 10.0 31.240998703626616 41.72529209005013 30.805843601498726 28.653097563788805 41.72529209005013 20.615528128088304 25.317977802344327 5.0 10.44030650891055 22.360679774997898 14.7648230602334 21.095023109728988 
15.231546211727817 0 32.55764119219941 14.560219778561036 32.202484376209235 32.202484376209235 24.839484696748443 21.02379604162864 31.575306807693888 17.804493814764857 15.556349186104045 26.40075756488817 16.64331697709324 26.40075756488817 46.87216658103186 45.35416188179427 42.44997055358225 40.70626487409524 22.847319317591726 28.231188426986208 16.492422502470642 29.274562336608895 39.20459156782532 46.17358552246078 27.784887978899608 37.64306044943742 19.4164878389476 10.816653826391969 12.0 24.041630560342615 11.045361017187261 10.44030650891055 20.8806130178211 12.36931687685298 24.73863375370596 27.202941017470888 40.52159917870962 35.805027579936315 56.85068161420758 41.593268686170845 24.020824298928627 42.01190307520001 40.718546143004666 49.39635614091387 46.09772228646444 36.68787265568828 39.01281840626232 33.734255586866 28.160255680657446 39.824615503479755 6.324555320336759 12.041594578792296 15.231546211727817 18.439088914585774 25.612496949731394 34.058772731852805 38.897300677553446 38.07886552931954 23.53720459187964 32.01562118716424 28.30194339616981 38.28837943815329 19.235384061671343 24.413111231467404 38.2099463490856 35.0 25.298221281347036 51.10772935672255 18.027756377319946 4.47213595499958 8.06225774829855 24.839484696748443 33.54101966249684 32.14031735997639 36.345563690772494 38.8329756778952 10.63014581273465 13.416407864998739 20.223748416156685 16.0312195418814 19.209372712298546 14.866068747318506 26.076809620810597 29.546573405388315 34.9857113690718 36.796738985948195 48.27007354458868 33.61547262794322 15.297058540778355 20.518284528683193 20.591260281974 39.698866482558415 33.015148038438355 33.97057550292606 26.627053911388696 29.68164415931166 29.068883707497267 32.2490309931942 35.608987629529715 31.144823004794873 38.600518131237564 5.0 8.0 18.601075237738275 31.144823004794873 19.026297590440446 20.09975124224178 27.784887978899608 16.401219466856727 19.4164878389476 29.732137494637012 8.06225774829855 19.72308292331602 43.266615305567875 29.832867780352597 33.37663853655727 13.601470508735444 29.5296461204668 28.844410203711913 45.60701700396552 18.35755975068582 22.135943621178654 8.06225774829855 26.248809496813376 33.13608305156178 35.73513677041127 23.600847442411894 11.045361017187261 18.110770276274835 17.029386365926403 27.80287754891569 20.396078054371138 4.242640687119285 39.319206502675 25.612496949731394 25.238858928247925 29.732137494637012 28.460498941515414 14.560219778561036 38.47076812334269 56.08029957123981 44.553338819890925 43.829214001622255 39.0 35.73513677041127 39.05124837953327 13.45362404707371 23.345235059857504 17.08800749063506 22.135943621178654 19.209372712298546 
18.0 32.55764119219941 0 34.40930106817051 20.223748416156685 23.853720883753127 16.401219466856727 36.24913792078372 36.069377593742864 47.4236228055175 43.289721643826724 50.28916384272063 23.430749027719962 9.433981132056603 21.18962010041709 13.0 25.179356624028344 32.69556544854363 27.459060435491963 47.4236228055175 49.03060268852505 10.44030650891055 12.206555615733702 23.323807579381203 34.9857113690718 30.14962686336267 16.401219466856727 23.0 20.8806130178211 38.28837943815329 43.289721643826724 35.22782990761707 52.0 39.35733730830886 48.41487374764082 55.569775957799216 54.20332093147061 15.297058540778355 32.31098884280702 25.495097567963924 9.433981132056603 12.206555615733702 12.083045973594572 18.439088914585774 24.186773244895647 35.805027579936315 45.27692569068709 47.43416490252569 41.340053217188775 58.66856057549052 32.31098884280702 43.32435804486894 27.202941017470888 14.142135623730951 25.059928172283335 28.635642126552707 18.681541692269406 5.830951894845301 9.055385138137417 15.652475842498529 24.758836806279895 24.041630560342615 42.44997055358225 52.61178575186362 63.245553203367585 65.79513659838392 57.723478758647246 34.17601498127012 30.4138126514911 30.066592756745816 39.05124837953327 55.54277630799526 12.041594578792296 9.0 11.704699910719626 15.231546211727817 28.653097563788805 31.622776601683793 43.60045871318328 38.01315561749642 29.0 42.05948168962618 36.05551275463989 29.0 27.784887978899608 19.6468827043885 31.016124838541646 7.0710678118654755 36.138621999185304 20.12461179749811 50.15974481593781 20.09975124224178 13.92838827718412 18.384776310850235 13.45362404707371 12.206555615733702 16.401219466856727 10.770329614269007 16.492422502470642 17.4928556845359 17.029386365926403 35.05709628591621 34.92849839314596 49.9799959983992 17.4928556845359 13.92838827718412 33.1058907144937 49.39635614091387 45.17742799230607 23.345235059857504 16.492422502470642 25.0 15.524174696260024 31.04834939252005 33.97057550292606 1.4142135623730951 29.410882339705484 10.0 24.08318915758459 22.360679774997898 46.52956049652737 36.796738985948195 40.607881008493905 44.28317965096906 44.204072210600685 35.0 51.62363799656123 31.400636936215164 50.635955604688654 38.600518131237564 25.079872407968907 52.03844732503075 29.154759474226502 13.038404810405298 30.528675044947494 53.33854141237835 59.0592922409336 5.830951894845301 20.591260281974 24.08318915758459 31.953090617340916 25.0 15.652475842498529 55.758407437802596 5.385164807134504 8.06225774829855 22.20360331117452 18.027756377319946 39.293765408777 17.029386365926403 29.0 
22.360679774997898 14.560219778561036 34.40930106817051 0 25.0 42.720018726587654 33.54101966249684 35.35533905932738 45.044422518220834 15.0 29.154759474226502 40.311288741492746 11.180339887498949 32.01562118716424 53.150729063673246 47.16990566028302 51.478150704935004 52.20153254455275 35.35533905932738 42.720018726587654 22.360679774997898 26.92582403567252 36.40054944640259 40.0 14.142135623730951 26.92582403567252 18.027756377319946 20.615528128088304 16.1245154965971 9.486832980505138 21.213203435596427 25.0 31.240998703626616 7.280109889280518 14.142135623730951 21.540659228538015 55.08175741568164 43.01162633521314 64.03124237432849 33.37663853655727 25.0 40.162171256046406 45.27692569068709 52.80151512977634 53.823786563191554 49.49747468305833 53.08483775994799 48.27007354458868 42.579337712087536 54.12947441089743 8.246211251235321 14.317821063276353 28.071337695236398 22.80350850198276 16.1245154965971 23.40939982143925 33.06055050963308 40.22437072223753 26.870057685088806 39.96248240537617 39.56008088970496 47.853944456021594 33.61547262794322 36.87817782917155 51.22499389946279 32.7566787083184 28.635642126552707 41.7612260356422 6.082762530298219 18.110770276274835 21.095023109728988 23.08679276123039 30.083217912982647 30.083217912982647 33.24154027718932 34.52535300326414 6.708203932499369 2.8284271247461903 9.219544457292887 3.605551275463989 8.06225774829855 9.0 40.049968789001575 41.773197148410844 46.17358552246078 45.27692569068709 57.706152185014034 38.18376618407357 29.832867780352597 30.675723300355934 32.55764119219941 47.70744176750625 40.22437072223753 42.5440947723653 34.132096331752024 36.61966684720111 37.589892258425 38.41874542459709 43.266615305567875 39.824615503479755 45.803929962395145 19.313207915827967 7.211102550927978 19.235384061671343 39.824615503479755 21.213203435596427 34.058772731852805 42.04759208325728 29.410882339705484 12.36931687685298 24.331050121192877 13.601470508735444 27.294688127912362 53.85164807134504 43.104524124504614 34.66987164671943 5.0 35.608987629529715 39.84971769034255 52.80151512977634 13.152946437965905 7.615773105863909 17.69180601295413 40.80441152620633 47.51841748206689 48.507731342539614 36.235341863986875 25.179356624028344 25.059928172283335 4.242640687119285 18.24828759089466 30.0 17.029386365926403 36.138621999185304 13.416407864998739 19.313207915827967 25.298221281347036 32.526911934581186 14.142135623730951 30.265491900843113 63.41135544995076 53.0 48.79549159502341 53.48831648126533 39.05124837953327 38.48376280978771 23.769728648009426 32.69556544854363 31.622776601683793 18.384776310850235 8.06225774829855 
25.0 32.202484376209235 20.223748416156685 25.0 0 41.23105625617661 31.622776601683793 46.09772228646444 50.53711507397311 40.0 47.16990566028302 57.0087712549569 15.811388300841896 25.495097567963924 41.23105625617661 29.154759474226502 45.0 50.99019513592785 40.311288741492746 56.568542494923804 46.09772228646444 10.0 14.142135623730951 15.0 18.027756377319946 10.0 14.142135623730951 28.284271247461902 22.02271554554524 23.769728648009426 42.720018726587654 40.0 52.92447448959697 32.0624390837628 36.40054944640259 45.70557952810576 66.40030120413611 35.0 52.20153254455275 9.433981132056603 15.811388300841896 18.384776310850235 32.01562118716424 36.235341863986875 44.40720662234904 52.20153254455275 59.941638282582836 59.20304046246274 52.80151512977634 68.59300255857006 28.160255680657446 38.47076812334269 36.235341863986875 21.095023109728988 9.219544457292887 8.54400374531753 8.246211251235321 24.351591323771842 19.924858845171276 34.23448553724738 40.496913462633174 43.18564576337837 49.040799340956916 56.43580423808985 69.63476143421474 57.428216061444914 53.33854141237835 19.209372712298546 19.026297590440446 32.449961479175904 40.24922359499622 48.041648597857254 8.94427190999916 11.40175425099138 11.40175425099138 10.816653826391969 22.80350850198276 23.08679276123039 32.55764119219941 28.071337695236398 17.029386365926403 34.0 48.25971404805462 44.384682042344295 45.35416188179427 39.05124837953327 51.03920062069938 27.073972741361768 43.18564576337837 32.64965543462902 52.773099207835045 40.01249804748511 33.06055050963308 37.21558813185679 29.832867780352597 30.265491900843113 33.734255586866 30.01666203960727 36.013886210738214 35.510561809129406 37.05401462729781 36.71511950137164 29.614185789921695 44.10215414239989 35.510561809129406 18.027756377319946 43.41658669218482 57.38466694161429 48.373546489791295 13.341664064126334 4.123105625617661 24.698178070456937 26.832815729997478 50.24937810560445 48.30113870293329 19.4164878389476 21.213203435596427 28.160255680657446 40.162171256046406 42.579337712087536 38.05259518088089 23.08679276123039 39.21734310225516 53.75872022286245 56.859475903318 51.264022471905186 55.569775957799216 37.53664875824692 48.507731342539614 28.160255680657446 7.615773105863909 52.20153254455275 31.064449134018133 13.45362404707371 14.317821063276353 43.56604182158393 49.64876634922564 23.08679276123039 18.027756377319946 6.4031242374328485 51.92301994298868 45.09988913511872 35.4400902933387 66.60330322138685 25.495097567963924 18.867962264113206 29.832867780352597 32.31098884280702 46.09772228646444 10.63014581273465 17.029386365926403 
20.615528128088304 32.202484376209235 23.853720883753127 42.720018726587654 41.23105625617661 0 10.0 20.615528128088304 13.92838827718412 50.0 33.54101966249684 35.35533905932738 35.35533905932738 15.811388300841896 20.0 29.154759474226502 11.180339887498949 10.0 11.180339887498949 30.0 46.09772228646444 31.622776601683793 36.05551275463989 47.16990566028302 50.24937810560445 50.99019513592785 30.0 22.360679774997898 26.92582403567252 50.44799302251776 39.05124837953327 27.202941017470888 43.829214001622255 43.9089968002003 55.90169943749474 59.405386961116584 32.69556544854363 11.180339887498949 26.92582403567252 48.46648326421054 25.495097567963924 35.4682957019364 20.12461179749811 28.160255680657446 16.492422502470642 12.041594578792296 22.20360331117452 26.92582403567252 22.090722034374522 39.05124837953327 36.235341863986875 44.04543109109048 17.69180601295413 22.02271554554524 42.01190307520001 48.507731342539614 42.04759208325728 24.758836806279895 21.37755832643195 8.48528137423857 4.47213595499958 6.708203932499369 29.410882339705484 40.80441152620633 47.0 66.46803743153546 54.817880294662984 57.697486947006624 41.97618372363071 27.80287754891569 34.058772731852805 56.639209034025185 34.92849839314596 31.78049716414141 35.35533905932738 38.948684188300895 36.05551275463989 40.162171256046406 50.99019513592785 45.69463863518345 41.593268686170845 46.647615158762406 17.0 7.0710678118654755 4.123105625617661 8.06225774829855 16.278820596099706 17.69180601295413 24.596747752497688 12.083045973594572 40.311288741492746 11.0 10.63014581273465 6.708203932499369 11.40175425099138 11.661903789690601 7.615773105863909 13.45362404707371 9.848857801796104 6.4031242374328485 12.36931687685298 31.11269837220809 38.948684188300895 50.24937810560445 6.4031242374328485 25.0 18.027756377319946 33.06055050963308 35.77708763999664 37.12142238654117 37.107950630558946 29.154759474226502 16.1245154965971 11.180339887498949 12.36931687685298 25.238858928247925 38.600518131237564 13.892443989449804 3.605551275463989 17.11724276862369 50.47771785649585 48.507731342539614 38.18376618407357 27.018512172212592 23.08679276123039 11.313708498984761 39.84971769034255 23.430749027719962 46.400431032480725 46.61544808322666 43.104524124504614 44.77722635447622 28.0178514522438 36.89173349139343 46.09772228646444 57.428216061444914 61.84658438426491 18.788294228055936 30.4138126514911 46.486557196677836 26.0 13.92838827718412 20.8806130178211 35.4400902933387 21.213203435596427 31.240998703626616 19.235384061671343 10.198039027185569 26.92582403567252 33.06055050963308 41.593268686170845 
11.180339887498949 24.839484696748443 16.401219466856727 33.54101966249684 31.622776601683793 10.0 0 20.615528128088304 19.849433241279208 42.42640687119285 30.4138126514911 35.35533905932738 25.495097567963924 7.0710678118654755 22.360679774997898 25.495097567963924 18.027756377319946 20.0 11.180339887498949 31.622776601683793 40.311288741492746 22.360679774997898 28.284271247461902 39.05124837953327 40.311288741492746 41.23105625617661 20.0 14.142135623730951 17.46424919657298 40.80441152620633 33.54101966249684 22.80350850198276 40.26164427839479 35.608987629529715 47.16990566028302 51.66236541235796 37.8021163428716 11.180339887498949 32.01562118716424 39.35733730830886 15.811388300841896 28.600699292150182 18.027756377319946 27.073972741361768 21.2602916254693 20.615528128088304 29.206163733020468 31.064449134018133 25.059928172283335 42.485291572496 27.80287754891569 36.87817782917155 13.152946437965905 12.041594578792296 32.01562118716424 38.63935817272331 33.28663395418648 19.313207915827967 11.704699910719626 7.211102550927978 8.94427190999916 14.317821063276353 28.0178514522438 39.05124837953327 48.05205510693585 59.81638571495272 49.24428900898052 48.877397639399746 32.28002478313795 20.808652046684813 28.635642126552707 49.678969393496885 26.076809620810597 23.021728866442675 27.018512172212592 30.610455730027933 26.832815729997478 30.870698080866262 42.190046219457976 36.71511950137164 31.78049716414141 38.41874542459709 19.72308292331602 13.038404810405298 14.035668847618199 12.041594578792296 24.186773244895647 12.36931687685298 22.02271554554524 5.0990195135927845 37.48332962798263 14.866068747318506 8.54400374531753 9.219544457292887 3.1622776601683795 6.0 4.242640687119285 9.0 10.816653826391969 6.4031242374328485 13.892443989449804 25.059928172283335 30.610455730027933 43.41658669218482 6.4031242374328485 15.0 17.46424919657298 33.95585369269929 32.55764119219941 27.16615541441225 27.51363298439521 20.248456731316587 6.324555320336759 20.615528128088304 17.69180601295413 17.804493814764857 29.154759474226502 7.280109889280518 8.54400374531753 20.808652046684813 42.5205832509386 38.897300677553446 31.906112267087632 28.460498941515414 27.80287754891569 19.697715603592208 38.05259518088089 18.681541692269406 41.14608122288197 37.589892258425 33.13608305156178 40.80441152620633 20.615528128088304 29.0 36.124783736376884 49.57822102496216 54.45181356024793 10.63014581273465 20.615528128088304 37.16180835212409 31.240998703626616 19.849433241279208 20.396078054371138 39.44616584663204 15.811388300841896 24.413111231467404 11.40175425099138 2.0 25.0 23.08679276123039 31.78049716414141 
21.213203435596427 21.02379604162864 36.24913792078372 35.35533905932738 46.09772228646444 20.615528128088304 20.615528128088304 0 12.206555615733702 36.40054944640259 14.142135623730951 15.0 33.54101966249684 26.92582403567252 40.311288741492746 46.09772228646444 31.622776601683793 25.0 10.0 11.180339887498949 29.154759474226502 39.05124837953327 47.16990566028302 57.0087712549569 47.43416490252569 54.08326913195984 32.01562118716424 18.027756377319946 24.698178070456937 44.721359549995796 22.360679774997898 11.180339887498949 24.20743687382041 33.06055050963308 45.27692569068709 45.5411901469428 20.591260281974 30.0 47.43416490252569 55.17245689653489 32.01562118716424 48.30113870293329 38.2099463490856 47.095647357266465 37.107950630558946 18.439088914585774 18.110770276274835 13.416407864998739 7.280109889280518 22.80350850198276 27.16615541441225 30.083217912982647 9.899494936611665 25.495097567963924 42.5440947723653 50.774009099144415 50.32891812864648 39.84971769034255 28.844410203711913 26.019223662515376 16.278820596099706 27.202941017470888 8.94427190999916 20.248456731316587 27.459060435491963 49.92995093127971 37.013511046643494 65.06919393998976 37.64306044943742 17.26267650163207 18.027756377319946 41.14608122288197 43.41658669218482 40.80441152620633 45.221676218380054 48.60041152089147 30.083217912982647 33.734255586866 41.048751503547585 37.05401462729781 38.27531841800928 35.22782990761707 5.830951894845301 14.317821063276353 21.02379604162864 28.284271247461902 35.77708763999664 32.984845004941285 6.324555320336759 16.15549442140351 20.248456731316587 31.400636936215164 28.071337695236398 26.076809620810597 23.769728648009426 26.476404589747453 23.08679276123039 29.427877939124322 29.017236257093817 24.0 32.0624390837628 17.11724276862369 29.017236257093817 34.92849839314596 24.0 28.284271247461902 3.1622776601683795 13.341664064126334 16.278820596099706 36.235341863986875 42.44997055358225 23.769728648009426 21.095023109728988 29.154759474226502 11.313708498984761 37.57658845611187 33.24154027718932 27.892651361962706 17.26267650163207 37.656340767525464 37.8549864614954 42.7551166528639 23.08679276123039 8.06225774829855 12.165525060596439 17.69180601295413 19.313207915827967 10.198039027185569 28.600699292150182 38.05259518088089 44.41846462902562 25.495097567963924 18.439088914585774 47.70744176750625 44.384682042344295 43.965895873961216 47.01063709417264 30.463092423455635 29.154759474226502 52.40229002629561 46.486557196677836 34.48187929913333 40.01249804748511 20.518284528683193 36.40054944640259 44.28317965096906 16.278820596099706 18.681541692269406 7.0710678118654755 35.608987629529715 38.27531841800928 
26.248809496813376 31.575306807693888 36.069377593742864 45.044422518220834 50.53711507397311 13.92838827718412 19.849433241279208 12.206555615733702 0 48.104053883222775 26.248809496813376 24.166091947189145 40.792156108742276 26.90724809414742 33.37663853655727 42.941821107167776 23.0 13.92838827718412 10.44030650891055 17.72004514666935 41.340053217188775 41.88078318274385 48.104053883222775 58.89821729050889 55.57877292636101 59.61543424315552 37.33630940518894 25.179356624028344 31.575306807693888 54.00925846556311 34.48187929913333 22.847319317591726 36.069377593742864 43.93176527297759 56.293871780150276 57.38466694161429 18.788294228055936 25.079872407968907 38.3275357934736 58.83026432033091 34.9857113690718 48.16637831516918 34.0147027033899 42.05948168962618 29.017236257093817 6.4031242374328485 9.433981132056603 13.152946437965905 9.486832980505138 25.317977802344327 37.21558813185679 41.78516483155236 17.0 29.546573405388315 49.040799340956916 56.64803615307419 53.009433122794285 38.01315561749642 31.064449134018133 21.95449840010015 11.40175425099138 19.1049731745428 20.518284528683193 31.064449134018133 34.36568055487916 62.12889826803627 49.20365840057018 68.5054742338158 46.17358552246078 27.294688127912362 29.966648127543394 53.23532661682466 45.803929962395145 42.80186911806539 46.861498055439924 50.44799302251776 39.01281840626232 43.0 51.78802950489621 47.265209192385896 46.389654018972806 46.32493928760188 6.4031242374328485 7.211102550927978 12.041594578792296 21.840329667841555 25.709920264364882 30.805843601498726 18.35755975068582 17.88854381999832 31.89043743820395 24.515301344262525 24.186773244895647 20.615528128088304 22.627416997969522 24.20743687382041 20.0 26.627053911388696 23.769728648009426 19.72308292331602 26.248809496813376 28.460498941515414 39.45883931389772 46.95742752749558 19.72308292331602 32.69556544854363 11.704699910719626 21.18962010041709 28.319604517012593 43.174066289845804 46.52956049652737 32.0624390837628 23.706539182259394 18.681541692269406 2.23606797749979 37.48332962798263 42.04759208325728 26.248809496813376 12.206555615733702 30.14962686336267 49.33558553417604 52.009614495783374 34.92849839314596 15.231546211727817 9.219544457292887 5.830951894845301 30.23243291566195 20.615528128088304 40.80441152620633 48.25971404805462 50.59644256269407 37.48332962798263 28.160255680657446 48.83646178829912 51.97114584074513 55.71355310873648 59.033888572581766 30.4138126514911 35.90264614203248 56.43580423808985 37.33630940518894 26.0 34.785054261852174 21.587033144922902 34.40930106817051 43.93176527297759 22.360679774997898 18.601075237738275 19.209372712298546 40.85339643163099 46.389654018972806 
32.01562118716424 17.804493814764857 47.4236228055175 15.0 40.0 50.0 42.42640687119285 36.40054944640259 48.104053883222775 0 25.0 35.35533905932738 25.495097567963924 43.01162633521314 64.03124237432849 60.41522986797286 60.207972893961475 58.309518948453004 40.311288741492746 40.0 11.180339887498949 41.23105625617661 50.99019513592785 55.0 26.92582403567252 41.23105625617661 31.622776601683793 28.284271247461902 26.92582403567252 20.12461179749811 15.0 25.298221281347036 21.93171219946131 8.246211251235321 11.180339887498949 9.433981132056603 53.0 53.150729063673246 74.33034373659252 48.25971404805462 38.07886552931954 54.57105459856901 57.14017850864661 65.36818798161687 63.655321851358195 53.71219600798314 54.3415126767741 47.16990566028302 42.7551166528639 49.64876634922564 15.264337522473747 6.324555320336759 32.7566787083184 34.132096331752024 31.064449134018133 37.8549864614954 48.041648597857254 53.225933528685054 38.948684188300895 49.51767361255979 46.04345773288535 56.08029957123981 31.064449134018133 29.410882339705484 43.46262762420146 18.384776310850235 14.317821063276353 56.293871780150276 21.02379604162864 22.20360331117452 18.439088914585774 8.246211251235321 44.721359549995796 44.384682042344295 47.853944456021594 49.36598018878993 18.973665961010276 17.11724276862369 10.0 12.165525060596439 23.021728866442675 6.0 42.05948168962618 47.01063709417264 52.69724850502159 54.45181356024793 66.06814663663572 49.92995093127971 30.083217912982647 38.28837943815329 25.0 57.28001396647874 50.32891812864648 51.62363799656123 43.93176527297759 46.861498055439924 46.66904755831214 49.20365840057018 53.075418038862395 48.79549159502341 55.97320787662612 19.697715603592208 12.529964086141668 5.0 48.79549159502341 33.54101966249684 36.40054944640259 38.118237105091836 24.08318915758459 27.16615541441225 39.20459156782532 23.021728866442675 36.87817782917155 61.032778078668514 46.61544808322666 47.92702786528704 19.235384061671343 46.400431032480725 46.61544808322666 63.0317380372777 2.8284271247461903 19.313207915827967 13.341664064126334 39.11521443121589 47.67598976424087 52.80151512977634 29.120439557122072 27.730849247724095 13.892443989449804 12.36931687685298 33.13608305156178 20.12461179749811 22.02271554554524 50.80354318352215 27.65863337187866 7.615773105863909 12.041594578792296 44.41846462902562 26.92582403567252 45.17742799230607 73.59347797189639 62.24146527838174 60.4648658313239 50.15974481593781 51.478150704935004 52.49761899362675 31.144823004794873 41.036569057366385 30.4138126514911 32.7566787083184 23.021728866442675 
25.495097567963924 15.556349186104045 43.289721643826724 29.154759474226502 47.16990566028302 33.54101966249684 30.4138126514911 14.142135623730951 26.248809496813376 25.0 0 11.180339887498949 32.01562118716424 35.0 52.20153254455275 55.0 44.721359549995796 39.05124837953327 22.360679774997898 15.0 15.811388300841896 42.720018726587654 52.20153254455275 60.41522986797286 43.01162633521314 53.150729063673246 33.54101966249684 20.615528128088304 25.495097567963924 38.47076812334269 10.0 8.06225774829855 10.295630140987 24.351591323771842 35.35533905932738 33.37663853655727 28.0 41.23105625617661 60.41522986797286 56.60388679233962 36.40054944640259 54.3415126767741 48.373546489791295 57.428216061444914 49.76946855251722 32.55764119219941 30.463092423455635 22.360679774997898 18.788294228055936 25.298221281347036 21.400934559032695 19.1049731745428 17.26267650163207 29.832867780352597 41.10960958218893 49.57822102496216 53.225933528685054 48.041648597857254 34.52535300326414 37.107950630558946 29.068883707497267 40.24922359499622 6.324555320336759 9.486832980505138 22.67156809750927 36.235341863986875 23.021728866442675 66.2872536767062 33.421549934136806 14.7648230602334 8.06225774829855 28.160255680657446 47.16990566028302 45.221676218380054 49.64876634922564 52.55473337388365 26.1725046566048 28.600699292150182 32.01562118716424 29.546573405388315 34.713109915419565 25.709920264364882 19.849433241279208 28.0178514522438 34.66987164671943 40.496913462633174 49.39635614091387 42.04759208325728 8.94427190999916 25.317977802344327 7.0710678118654755 43.657759905886145 38.8329756778952 37.94733192202055 33.24154027718932 36.345563690772494 33.95585369269929 39.319206502675 40.52159917870962 35.4400902933387 43.68065933568311 10.63014581273465 21.95449840010015 22.360679774997898 35.4400902933387 31.622776601683793 15.811388300841896 13.341664064126334 2.23606797749979 34.828149534535996 44.294469180700204 22.47220505424423 28.0178514522438 43.01162633521314 25.45584412271571 44.40720662234904 29.068883707497267 37.12142238654117 29.966648127543394 49.9799959983992 27.073972741361768 36.71511950137164 12.36931687685298 14.317821063276353 23.40939982143925 31.827660925679098 8.54400374531753 12.0 14.7648230602334 30.463092423455635 43.278170016764804 11.40175425099138 16.1245154965971 52.49761899362675 41.10960958218893 32.14031735997639 34.20526275297414 38.05259518088089 29.154759474226502 53.53503525729669 59.50630218724736 47.4236228055175 50.80354318352215 25.317977802344327 45.0 50.80354318352215 21.095023109728988 28.442925306655784 7.0710678118654755 36.71511950137164 34.713109915419565 
33.54101966249684 26.40075756488817 50.28916384272063 40.311288741492746 57.0087712549569 35.35533905932738 35.35533905932738 15.0 24.166091947189145 35.35533905932738 11.180339887498949 0 42.42640687119285 41.23105625617661 55.226805085936306 60.8276253029822 46.09772228646444 38.07886552931954 25.0 7.0710678118654755 25.0 51.478150704935004 60.41522986797286 69.46221994724903 54.08326913195984 63.63961030678928 43.01162633521314 29.154759474226502 35.0 49.64876634922564 20.615528128088304 17.029386365926403 15.524174696260024 35.4682957019364 46.09772228646444 43.0 18.681541692269406 45.0 61.84658438426491 66.40030120413611 44.721359549995796 62.03224967708329 53.150729063673246 62.07253821135398 51.78802950489621 30.4138126514911 24.758836806279895 15.0 14.7648230602334 14.317821063276353 32.449961479175904 29.832867780352597 23.08679276123039 38.01315561749642 51.62363799656123 60.108235708594876 62.433965115151864 54.3415126767741 42.15447781671598 41.012193308819754 31.144823004794873 41.773197148410844 8.06225774829855 8.06225774829855 13.0 43.68065933568311 30.083217912982647 76.21679604916491 44.40720662234904 24.758836806279895 19.235384061671343 37.12142238654117 55.94640292279746 53.665631459994955 58.137767414994535 61.29437168288782 37.013511046643494 39.66106403010388 43.01162633521314 40.718546143004666 45.60701700396552 36.68787265568828 18.681541692269406 28.635642126552707 35.17101079013795 43.18564576337837 49.64876634922564 47.67598976424087 14.317821063276353 30.59411708155671 11.180339887498949 46.2709412050371 43.04648650006177 41.048751503547585 38.47076812334269 41.30375285612676 38.05259518088089 44.28317965096906 44.01136216933077 39.0 47.042533945356304 21.400934559032695 33.12099032335839 32.01562118716424 39.0 40.311288741492746 18.027756377319946 3.605551275463989 11.40175425099138 45.254833995939045 53.823786563191554 32.55764119219941 34.785054261852174 42.720018726587654 24.351591323771842 51.54609587543949 40.0 42.579337712087536 32.14031735997639 52.46903848937962 37.656340767525464 47.885279575251516 23.40939982143925 8.94427190999916 17.69180601295413 29.966648127543394 7.615773105863909 19.72308292331602 23.08679276123039 41.6293165929973 53.74011537017761 17.46424919657298 26.1725046566048 60.83584469702052 52.009614495783374 42.04759208325728 43.18564576337837 44.64302857109943 39.05124837953327 63.41135544995076 60.876925020897694 49.03060268852505 55.00909015790027 15.033296378372908 50.99019513592785 58.18934610390462 28.635642126552707 33.37663853655727 11.180339887498949 46.400431032480725 45.60701700396552 
15.0 16.64331697709324 23.430749027719962 11.180339887498949 15.811388300841896 35.35533905932738 25.495097567963924 33.54101966249684 40.792156108742276 25.495097567963924 32.01562118716424 42.42640687119285 0 22.360679774997898 43.01162633521314 36.05551275463989 42.720018726587654 45.27692569068709 30.4138126514911 43.01162633521314 30.4138126514911 15.811388300841896 25.495097567963924 30.4138126514911 15.0 21.213203435596427 7.0710678118654755 15.811388300841896 9.219544457292887 15.652475842498529 26.92582403567252 25.495097567963924 37.16180835212409 17.26267650163207 25.0 32.69556544854363 54.120236510939236 33.54101966249684 54.08326913195984 25.079872407968907 14.142135623730951 29.120439557122072 34.713109915419565 41.86884283091664 44.294469180700204 44.10215414239989 49.72926703662542 46.95742752749558 40.718546143004666 55.0 12.36931687685298 23.021728866442675 24.351591323771842 13.601470508735444 9.219544457292887 17.69180601295413 23.194827009486403 29.206163733020468 16.64331697709324 31.016124838541646 33.015148038438355 39.56008088970496 34.713109915419565 41.048751503547585 54.67174773134658 43.68065933568311 38.01315561749642 34.48187929913333 7.211102550927978 17.69180601295413 24.698178070456937 33.734255586866 19.235384061671343 18.973665961010276 22.360679774997898 24.020824298928627 7.0710678118654755 8.54400374531753 20.248456731316587 14.7648230602334 6.324555320336759 19.6468827043885 37.0 36.05551275463989 39.20459156782532 36.40054944640259 49.040799340956916 27.80287754891569 29.410882339705484 24.0 37.21558813185679 38.48376280978771 30.870698080866262 33.83784863137726 25.298221281347036 27.313000567495326 29.120439557122072 28.653097563788805 34.0147027033899 31.32091952673165 36.235341863986875 21.400934559032695 14.035668847618199 29.068883707497267 31.32091952673165 11.180339887498949 31.38470965295043 43.278170016764804 33.015148038438355 2.8284271247461903 14.035668847618199 10.0 19.235384061671343 46.09772228646444 38.63935817272331 23.600847442411894 6.324555320336759 25.942243542145693 33.06055050963308 43.04648650006177 24.041630560342615 13.892443989449804 23.40939982143925 40.496913462633174 45.31004303683677 43.104524124504614 40.22437072223753 23.853720883753127 32.7566787083184 15.264337522473747 11.313708498984761 36.40054944640259 16.278820596099706 25.317977802344327 11.180339887498949 30.463092423455635 36.40054944640259 22.20360331117452 5.0 21.93171219946131 53.53503525729669 43.86342439892262 38.28837943815329 53.53503525729669 28.284271247461902 27.313000567495326 18.439088914585774 25.179356624028344 32.01562118716424 7.280109889280518 6.324555320336759 
11.180339887498949 26.40075756488817 9.433981132056603 32.01562118716424 25.495097567963924 15.811388300841896 7.0710678118654755 26.92582403567252 26.90724809414742 43.01162633521314 35.0 41.23105625617661 22.360679774997898 0 21.213203435596427 20.0 20.615528128088304 25.495097567963924 18.027756377319946 38.07886552931954 42.720018726587654 15.811388300841896 21.213203435596427 32.01562118716424 36.40054944640259 35.35533905932738 15.811388300841896 15.811388300841896 16.278820596099706 38.01315561749642 36.40054944640259 27.018512172212592 44.28317965096906 35.4682957019364 46.09772228646444 51.85556864985669 44.82186966202994 11.180339887498949 32.01562118716424 32.69556544854363 10.0 21.633307652783937 14.317821063276353 23.08679276123039 21.95449840010015 27.294688127912362 36.235341863986875 38.01315561749642 31.906112267087632 49.24428900898052 27.80287754891569 38.07886552931954 18.24828759089466 9.219544457292887 27.294688127912362 33.06055050963308 26.419689627245813 13.152946437965905 6.082762530298219 9.055385138137417 15.811388300841896 18.027756377319946 33.54101966249684 44.10215414239989 54.120236510939236 61.05735008989499 51.62363799656123 42.05948168962618 29.5296461204668 23.08679276123039 31.78049716414141 50.774009099144415 19.235384061671343 16.1245154965971 20.0 23.600847442411894 25.495097567963924 29.206163733020468 41.10960958218893 35.4682957019364 28.635642126552707 38.28837943815329 26.627053911388696 20.0 19.924858845171276 14.317821063276353 26.92582403567252 7.280109889280518 27.294688127912362 10.770329614269007 42.01190307520001 16.15549442140351 8.54400374531753 12.041594578792296 4.47213595499958 5.0990195135927845 8.246211251235321 6.4031242374328485 11.704699910719626 10.04987562112089 13.892443989449804 27.892651361962706 30.610455730027933 44.77722635447622 10.04987562112089 11.180339887498949 23.769728648009426 40.162171256046406 37.013511046643494 23.40939982143925 21.37755832643195 20.0 7.0710678118654755 25.0 24.758836806279895 10.816653826391969 27.202941017470888 3.605551275463989 15.264337522473747 20.808652046684813 42.638011210655684 36.235341863986875 34.17601498127012 34.92849839314596 34.828149534535996 26.419689627245813 43.104524124504614 23.0 43.965895873961216 36.235341863986875 28.071337695236398 44.553338819890925 22.47220505424423 21.93171219946131 32.01562118716424 49.678969393496885 55.0 3.605551275463989 18.027756377319946 30.675723300355934 31.400636936215164 21.540659228538015 17.4928556845359 46.32493928760188 10.0 17.4928556845359 14.142135623730951 8.602325267042627 30.4138126514911 18.24828759089466 28.635642126552707 
32.01562118716424 46.87216658103186 21.18962010041709 53.150729063673246 41.23105625617661 20.0 22.360679774997898 40.311288741492746 33.37663853655727 64.03124237432849 52.20153254455275 55.226805085936306 43.01162633521314 21.213203435596427 0 15.811388300841896 11.180339887498949 22.360679774997898 30.4138126514911 50.0 62.64982043070834 31.622776601683793 30.0 40.311288741492746 55.90169943749474 50.99019513592785 36.05551275463989 36.05551275463989 37.48332962798263 58.52349955359813 55.90169943749474 44.94441010848846 62.297672508690084 56.639209034025185 67.26812023536856 73.0 51.66236541235796 11.180339887498949 11.180339887498949 45.044422518220834 29.154759474226502 27.16615541441225 9.219544457292887 10.63014581273465 5.656854249492381 29.410882339705484 40.162171256046406 46.52956049652737 42.04759208325728 58.69412236331676 48.91829923454004 58.82176467941097 35.11409973215888 30.4138126514911 46.09772228646444 49.72926703662542 38.05259518088089 17.11724276862369 26.40075756488817 15.231546211727817 24.08318915758459 14.317821063276353 48.83646178829912 60.207972893961475 67.0 81.8413098624405 71.58910531638176 52.23983154643591 50.21951811795888 43.04648650006177 50.99019513592785 71.61005515987263 32.55764119219941 29.832867780352597 31.144823004794873 34.0147027033899 46.69047011971501 50.32891812864648 62.289646009589745 56.639209034025185 49.09175083453431 59.464274989274024 37.0 27.018512172212592 21.37755832643195 12.041594578792296 13.601470508735444 15.264337522473747 43.41658669218482 27.313000567495326 59.20304046246274 9.0 13.892443989449804 14.317821063276353 20.248456731316587 17.204650534085253 18.384776310850235 14.866068747318506 11.704699910719626 16.76305461424021 8.54400374531753 47.41307836451879 51.73973328110612 65.45991139621256 16.76305461424021 32.01562118716424 37.48332962798263 53.03772242470448 54.405882034941776 43.56604182158393 37.64306044943742 41.10960958218893 27.202941017470888 18.027756377319946 32.14031735997639 21.840329667841555 48.27007354458868 17.69180601295413 23.08679276123039 3.605551275463989 63.7808748764079 56.859475903318 54.20332093147061 47.01063709417264 42.579337712087536 29.120439557122072 59.22837157984339 40.85339643163099 63.50590523722971 57.38466694161429 46.238512086787566 62.96824596572466 42.720018726587654 31.0 51.42956348249516 70.83784299369935 76.05918747922567 20.808652046684813 39.05124837953327 44.28317965096906 10.770329614269007 8.602325267042627 6.0 54.91812087098393 15.811388300841896 24.0 33.61547262794322 24.166091947189145 46.09772228646444 37.589892258425 49.09175083453431 
